0.01000,0.00100,42.7151
0.01000,0.00119,42.7968
0.01000,0.00141,42.8977
0.01000,0.00168,43.0230
0.01000,0.00199,43.1794
0.01000,0.00237,43.3761
0.01000,0.00281,43.6250
0.01000,0.00334,43.9423
0.01000,0.00397,44.3498
0.01000,0.00471,44.8771
0.01000,0.00560,45.5646
0.01000,0.00665,46.4680
0.01000,0.00790,47.6638
0.01000,0.00938,49.2583
0.01000,0.01115,51.3993
0.01000,0.01324,54.2935
0.01000,0.01573,58.2306
0.01000,0.01868,63.6185
0.01000,0.02220,71.0334
0.01000,0.02637,81.2928
0.01188,0.00100,42.9034
0.01188,0.00119,43.0249
0.01188,0.00141,43.1749
0.01188,0.00168,43.3610
0.01188,0.00199,43.5934
0.01188,0.00237,43.8854
0.01188,0.00281,44.2547
0.01188,0.00334,44.7253
0.01188,0.00397,45.3293
0.01188,0.00471,46.1105
0.01188,0.00560,47.1284
0.01188,0.00665,48.4652
0.01188,0.00790,50.2338
0.01188,0.00938,52.5907
0.01188,0.01115,55.7539
0.01188,0.01324,60.0276
0.01188,0.01573,65.8383
0.01188,0.01868,73.7863
0.01188,0.02220,84.7193
0.01188,0.02637,99.8391
0.01411,0.00100,42.1719
0.01411,0.00119,42.1580
0.01411,0.00141,42.1481
0.01411,0.00168,42.1456
0.01411,0.00199,42.1556
0.01411,0.00237,42.1860
0.01411,0.00281,42.2481
0.01411,0.00334,42.3586
0.01411,0.00397,42.5420
0.01411,0.00471,42.8334
0.01411,0.00560,43.2837
0.01411,0.00665,43.9659
0.01411,0.00790,44.9851
0.01411,0.00938,46.4916
0.01411,0.01115,48.7009
0.01411,0.01324,51.9211
0.01411,0.01573,56.5934
0.01411,0.01868,63.3494
0.01411,0.02220,73.0939
0.01411,0.02637,87.1252
0.01676,0.00100,41.6481
0.01676,0.00119,41.5401
0.01676,0.00141,41.4200
0.01676,0.00168,41.2891
0.01676,0.00199,41.1501
0.01676,0.00237,41.0083
0.01676,0.00281,40.8728
0.01676,0.00334,40.7585
0.01676,0.00397,40.6885
0.01676,0.00471,40.6986
0.01676,0.00560,40.8422
0.01676,0.00665,41.1992
0.01676,0.00790,41.8873
0.01676,0.00938,43.0786
0.01676,0.01115,45.0239
0.01676,0.01324,48.0871
0.01676,0.01573,52.7945
0.01676,0.01868,59.9063
0.01676,0.02220,70.5194
0.01676,0.02637,86.2159
0.01991,0.00100,42.0649
0.01991,0.00119,42.0391
0.01991,0.00141,42.0183
0.01991,0.00168,42.0075
0.01991,0.00199,42.0145
0.01991,0.00237,42.0506
0.01991,0.00281,42.1329
0.01991,0.00334,42.2861
0.01991,0.00397,42.5468
0.01991,0.00471,42.9675
0.01991,0.00560,43.6243
0.01991,0.00665,44.6269
0.01991,0.00790,46.1324
0.01991,0.00938,48.3666
0.01991,0.01115,51.6522
0.01991,0.01324,56.4512
0.01991,0.01573,63.4243
0.01991,0.01868,73.5164
0.01991,0.02220,88.0796
0.01991,0.02637,109.0508
0.02366,0.00100,43.2574
0.02366,0.00119,43.4590
0.02366,0.00141,43.7097
0.02366,0.00168,44.0235
0.02366,0.00199,44.4186
0.02366,0.00237,44.9197
0.02366,0.00281,45.5598
0.02366,0.00334,46.3833
0.02366,0.00397,47.4510
0.02366,0.00471,48.8458
0.02366,0.00560,50.6814
0.02366,0.00665,53.1148
0.02366,0.00790,56.3635
0.02366,0.00938,60.7295
0.02366,0.01115,66.6345
0.02366,0.01324,74.6682
0.02366,0.01573,85.6584
0.02366,0.01868,100.7703
0.02366,0.02220,121.6490
0.02366,0.02637,150.6237
0.02810,0.00100,42.6507
0.02810,0.00119,42.7382
0.02810,0.00141,42.8533
0.02810,0.00168,43.0059
0.02810,0.00199,43.2095
0.02810,0.00237,43.4830
0.02810,0.00281,43.8524
0.02810,0.00334,44.3543
0.02810,0.00397,45.0395
0.02810,0.00471,45.9794
0.02810,0.00560,47.2740
0.02810,0.00665,49.0638
0.02810,0.00790,51.5465
0.02810,0.00938,55.0008
0.02810,0.01115,59.8199
0.02810,0.01324,66.5599
0.02810,0.01573,76.0078
0.02810,0.01868,89.2798
0.02810,0.02220,107.9620
0.02810,0.02637,134.3121
0.03338,0.00100,42.4747
0.03338,0.00119,42.5264
0.03338,0.00141,42.5979
0.03338,0.00168,42.6970
0.03338,0.00199,42.8349
0.03338,0.00237,43.0271
0.03338,0.00281,43.2955
0.03338,0.00334,43.6710
0.03338,0.00397,44.1972
0.03338,0.00471,44.9355
0.03338,0.00560,45.9728
0.03338,0.00665,47.4318
0.03338,0.00790,49.4857
0.03338,0.00938,52.3801
0.03338,0.01115,56.4626
0.03338,0.01324,62.2263
0.03338,0.01573,70.3708
0.03338,0.01868,81.8909
0.03338,0.02220,98.2025
0.03338,0.02637,121.3253
0.03966,0.00100,41.7302
0.03966,0.00119,41.6404
0.03966,0.00141,41.5431
0.03966,0.00168,41.4408
0.03966,0.00199,41.3381
0.03966,0.00237,41.2427
0.03966,0.00281,41.1668
0.03966,0.00334,41.1298
0.03966,0.00397,41.1607
0.03966,0.00471,41.3033
0.03966,0.00560,41.6227
0.03966,0.00665,42.2141
0.03966,0.00790,43.2171
0.03966,0.00938,44.8339
0.03966,0.01115,47.3577
0.03966,0.01324,51.2116
0.03966,0.01573,57.0055
0.03966,0.01868,65.6170
0.03966,0.02220,78.3092
0.03966,0.02637,96.8999
0.04711,0.00100,42.5447
0.04711,0.00119,42.6042
0.04711,0.00141,42.6826
0.04711,0.00168,42.7869
0.04711,0.00199,42.9264
0.04711,0.00237,43.1143
0.04711,0.00281,43.3688
0.04711,0.00334,43.7152
0.04711,0.00397,44.1892
0.04711,0.00471,44.8406
0.04711,0.00560,45.7392
0.04711,0.00665,46.9835
0.04711,0.00790,48.7117
0.04711,0.00938,51.1193
0.04711,0.01115,54.4820
0.04711,0.01324,59.1898
0.04711,0.01573,65.7954
0.04711,0.01868,75.0835
0.04711,0.02220,88.1698
0.04711,0.02637,106.6442
0.05597,0.00100,42.9686
0.05597,0.00119,43.1024
0.05597,0.00141,43.2671
0.05597,0.00168,43.4707
0.05597,0.00199,43.7240
0.05597,0.00237,44.0409
0.05597,0.00281,44.4400
0.05597,0.00334,44.9461
0.05597,0.00397,45.5926
0.05597,0.00471,46.4246
0.05597,0.00560,47.5034
0.05597,0.00665,48.9129
0.05597,0.00790,50.7687
0.05597,0.00938,53.2300
0.05597,0.01115,56.5180
0.05597,0.01324,60.9406
0.05597,0.01573,66.9282
0.05597,0.01868,75.0848
0.05597,0.02220,86.2609
0.05597,0.02637,101.6583
0.06648,0.00100,41.6106
0.06648,0.00119,41.4854
0.06648,0.00141,41.3407
0.06648,0.00168,41.1746
0.06648,0.00199,40.9854
0.06648,0.00237,40.7722
0.06648,0.00281,40.5352
0.06648,0.00334,40.2766
0.06648,0.00397,40.0020
0.06648,0.00471,39.7218
0.06648,0.00560,39.4540
0.06648,0.00665,39.2279
0.06648,0.00790,39.0896
0.06648,0.00938,39.1099
0.06648,0.01115,39.3958
0.06648,0.01324,40.1068
0.06648,0.01573,41.4789
0.06648,0.01868,43.8590
0.06648,0.02220,47.7547
0.06648,0.02637,53.9067
0.07898,0.00100,42.9456
0.07898,0.00119,43.0672
0.07898,0.00141,43.2140
0.07898,0.00168,43.3919
0.07898,0.00199,43.6081
0.07898,0.00237,43.8717
0.07898,0.00281,44.1944
0.07898,0.00334,44.5915
0.07898,0.00397,45.0825
0.07898,0.00471,45.6930
0.07898,0.00560,46.4568
0.07898,0.00665,47.4186
0.07898,0.00790,48.6384
0.07898,0.00938,50.1968
0.07898,0.01115,52.2030
0.07898,0.01324,54.8061
0.07898,0.01573,58.2107
0.07898,0.01868,62.6990
0.07898,0.02220,68.6628
0.07898,0.02637,76.6487
0.09382,0.00100,42.0385
0.09382,0.00119,41.9878
0.09382,0.00141,41.9291
0.09382,0.00168,41.8617
0.09382,0.00199,41.7849
0.09382,0.00237,41.6983
0.09382,0.00281,41.6020
0.09382,0.00334,41.4968
0.09382,0.00397,41.3850
0.09382,0.00471,41.2705
0.09382,0.00560,41.1607
0.09382,0.00665,41.0672
0.09382,0.00790,41.0084
0.09382,0.00938,41.0127
0.09382,0.01115,41.1229
0.09382,0.01324,41.4028
0.09382,0.01573,41.9470
0.09382,0.01868,42.8946
0.09382,0.02220,44.4487
0.09382,0.02637,46.9063
0.11145,0.00100,42.4619
0.11145,0.00119,42.4897
0.11145,0.00141,42.5240
0.11145,0.00168,42.5664
0.11145,0.00199,42.6192
0.11145,0.00237,42.6854
0.11145,0.00281,42.7689
0.11145,0.00334,42.8751
0.11145,0.00397,43.0110
0.11145,0.00471,43.1862
0.11145,0.00560,43.4139
0.11145,0.00665,43.7120
0.11145,0.00790,44.1054
0.11145,0.00938,44.6280
0.11145,0.01115,45.3275
0.11145,0.01324,46.2701
0.11145,0.01573,47.5481
0.11145,0.01868,49.2916
0.11145,0.02220,51.6836
0.11145,0.02637,54.9827
0.13240,0.00100,42.1968
0.13240,0.00119,42.1741
0.13240,0.00141,42.1482
0.13240,0.00168,42.1188
0.13240,0.00199,42.0859
0.13240,0.00237,42.0496
0.13240,0.00281,42.0103
0.13240,0.00334,41.9692
0.13240,0.00397,41.9283
0.13240,0.00471,41.8907
0.13240,0.00560,41.8618
0.13240,0.00665,41.8497
0.13240,0.00790,41.8667
0.13240,0.00938,41.9313
0.13240,0.01115,42.0713
0.13240,0.01324,42.3271
0.13240,0.01573,42.7580
0.13240,0.01868,43.4508
0.13240,0.02220,44.5310
0.13240,0.02637,46.1814
0.15728,0.00100,42.3919
0.15728,0.00119,42.4051
0.15728,0.00141,42.4216
0.15728,0.00168,42.4424
0.15728,0.00199,42.4687
0.15728,0.00237,42.5023
0.15728,0.00281,42.5455
0.15728,0.00334,42.6014
0.15728,0.00397,42.6744
0.15728,0.00471,42.7704
0.15728,0.00560,42.8975
0.15728,0.00665,43.0670
0.15728,0.00790,43.2946
0.15728,0.00938,43.6022
0.15728,0.01115,44.0202
0.15728,0.01324,44.5914
0.15728,0.01573,45.3762
0.15728,0.01868,46.4593
0.15728,0.02220,47.9609
0.15728,0.02637,50.0511
0.18684,0.00100,42.3325
0.18684,0.00119,42.3339
0.18684,0.00141,42.3362
0.18684,0.00168,42.3396
0.18684,0.00199,42.3448
0.18684,0.00237,42.3526
0.18684,0.00281,42.3641
0.18684,0.00334,42.3808
0.18684,0.00397,42.4052
0.18684,0.00471,42.4404
0.18684,0.00560,42.4911
0.18684,0.00665,42.5639
0.18684,0.00790,42.6683
0.18684,0.00938,42.8175
0.18684,0.01115,43.0304
0.18684,0.01324,43.3342
0.18684,0.01573,43.7670
0.18684,0.01868,44.3837
0.18684,0.02220,45.2621
0.18684,0.02637,46.5136
0.22195,0.00100,42.3658
0.22195,0.00119,42.3728
0.22195,0.00141,42.3813
0.22195,0.00168,42.3919
0.22195,0.00199,42.4050
0.22195,0.00237,42.4214
0.22195,0.00281,42.4419
0.22195,0.00334,42.4678
0.22195,0.00397,42.5009
0.22195,0.00471,42.5432
0.22195,0.00560,42.5979
0.22195,0.00665,42.6691
0.22195,0.00790,42.7625
0.22195,0.00938,42.8859
0.22195,0.01115,43.0502
0.22195,0.01324,43.2705
0.22195,0.01573,43.5679
0.22195,0.01868,43.9719
0.22195,0.02220,44.5240
0.22195,0.02637,45.2829
0.26367,0.00100,42.4109
0.26367,0.00119,42.4260
0.26367,0.00141,42.4440
0.26367,0.00168,42.4656
0.26367,0.00199,42.4914
0.26367,0.00237,42.5225
0.26367,0.00281,42.5598
0.26367,0.00334,42.6048
0.26367,0.00397,42.6592
0.26367,0.00471,42.7251
0.26367,0.00560,42.8053
0.26367,0.00665,42.9031
0.26367,0.00790,43.0229
0.26367,0.00938,43.1705
0.26367,0.01115,43.3533
0.26367,0.01324,43.5810
0.26367,0.01573,43.8663
0.26367,0.01868,44.2266
0.26367,0.02220,44.6847
0.26367,0.02637,45.2722
0.31623,0.00100,42.2936
0.31623,0.00119,42.2865
0.31623,0.00141,42.2781
0.31623,0.00168,42.2682
0.31623,0.00199,42.2565
0.31623,0.00237,42.2428
0.31623,0.00281,42.2268
0.31623,0.00334,42.2081
0.31623,0.00397,42.1863
0.31623,0.00471,42.1611
0.31623,0.00560,42.1321
0.31623,0.00665,42.0988
0.31623,0.00790,42.0612
0.31623,0.00938,42.0190
0.31623,0.01115,41.9726
0.31623,0.01324,41.9227
0.31623,0.01573,41.8707
0.31623,0.01868,41.8194
0.31623,0.02220,41.7735
0.31623,0.02637,41.7402
0.37927,0.00100,42.3557
0.37927,0.00119,42.3602
0.37927,0.00141,42.3655
0.37927,0.00168,42.3719
0.37927,0.00199,42.3795
0.37927,0.00237,42.3887
0.37927,0.00281,42.3997
0.37927,0.00334,42.4128
0.37927,0.00397,42.4287
0.37927,0.00471,42.4479
0.37927,0.00560,42.4710
0.37927,0.00665,42.4991
0.37927,0.00790,42.5333
0.37927,0.00938,42.5751
0.37927,0.01115,42.6265
0.37927,0.01324,42.6899
0.37927,0.01573,42.7685
0.37927,0.01868,42.8667
0.37927,0.02220,42.9902
0.37927,0.02637,43.1466
0.45488,0.00100,42.3083
0.45488,0.00119,42.3038
0.45488,0.00141,42.2986
0.45488,0.00168,42.2923
0.45488,0.00199,42.2849
0.45488,0.00237,42.2761
0.45488,0.00281,42.2658
0.45488,0.00334,42.2536
0.45488,0.00397,42.2392
0.45488,0.00471,42.2222
0.45488,0.00560,42.2023
0.45488,0.00665,42.1789
0.45488,0.00790,42.1516
0.45488,0.00938,42.1198
0.45488,0.01115,42.0828
0.45488,0.01324,42.0402
0.45488,0.01573,41.9913
0.45488,0.01868,41.9358
0.45488,0.02220,41.8734
0.45488,0.02637,41.8044
0.54556,0.00100,42.3147
0.54556,0.00119,42.3115
0.54556,0.00141,42.3076
0.54556,0.00168,42.3030
0.54556,0.00199,42.2976
0.54556,0.00237,42.2913
0.54556,0.00281,42.2837
0.54556,0.00334,42.2749
0.54556,0.00397,42.2644
0.54556,0.00471,42.2522
0.54556,0.00560,42.2378
0.54556,0.00665,42.2210
0.54556,0.00790,42.2015
0.54556,0.00938,42.1788
0.54556,0.01115,42.1528
0.54556,0.01324,42.1229
0.54556,0.01573,42.0891
0.54556,0.01868,42.0512
0.54556,0.02220,42.0094
0.54556,0.02637,41.9645
0.65432,0.00100,42.3357
0.65432,0.00119,42.3363
0.65432,0.00141,42.3372
0.65432,0.00168,42.3381
0.65432,0.00199,42.3393
0.65432,0.00237,42.3408
0.65432,0.00281,42.3426
0.65432,0.00334,42.3448
0.65432,0.00397,42.3475
0.65432,0.00471,42.3509
0.65432,0.00560,42.3551
0.65432,0.00665,42.3604
0.65432,0.00790,42.3670
0.65432,0.00938,42.3755
0.65432,0.01115,42.3864
0.65432,0.01324,42.4006
0.65432,0.01573,42.4190
0.65432,0.01868,42.4432
0.65432,0.02220,42.4753
0.65432,0.02637,42.5182
0.78476,0.00100,42.3450
0.78476,0.00119,42.3475
0.78476,0.00141,42.3504
0.78476,0.00168,42.3539
0.78476,0.00199,42.3580
0.78476,0.00237,42.3630
0.78476,0.00281,42.3689
0.78476,0.00334,42.3760
0.78476,0.00397,42.3845
0.78476,0.00471,42.3947
0.78476,0.00560,42.4071
0.78476,0.00665,42.4220
0.78476,0.00790,42.4400
0.78476,0.00938,42.4619
0.78476,0.01115,42.4886
0.78476,0.01324,42.5214
0.78476,0.01573,42.5616
0.78476,0.01868,42.6115
0.78476,0.02220,42.6735
0.78476,0.02637,42.7511
0.94120,0.00100,42.3350
0.94120,0.00119,42.3355
0.94120,0.00141,42.3362
0.94120,0.00168,42.3370
0.94120,0.00199,42.3379
0.94120,0.00237,42.3391
0.94120,0.00281,42.3405
0.94120,0.00334,42.3422
0.94120,0.00397,42.3443
0.94120,0.00471,42.3470
0.94120,0.00560,42.3502
0.94120,0.00665,42.3543
0.94120,0.00790,42.3595
0.94120,0.00938,42.3660
0.94120,0.01115,42.3743
0.94120,0.01324,42.3851
0.94120,0.01573,42.3990
0.94120,0.01868,42.4172
0.94120,0.02220,42.4413
0.94120,0.02637,42.4732
1.12884,0.00100,42.3208
1.12884,0.00119,42.3192
1.12884,0.00141,42.3172
1.12884,0.00168,42.3149
1.12884,0.00199,42.3121
1.12884,0.00237,42.3089
1.12884,0.00281,42.3051
1.12884,0.00334,42.3006
1.12884,0.00397,42.2953
1.12884,0.00471,42.2891
1.12884,0.00560,42.2819
1.12884,0.00665,42.2734
1.12884,0.00790,42.2636
1.12884,0.00938,42.2523
1.12884,0.01115,42.2394
1.12884,0.01324,42.2246
1.12884,0.01573,42.2081
1.12884,0.01868,42.1897
1.12884,0.02220,42.1698
1.12884,0.02637,42.1489
1.35388,0.00100,42.3391
1.35388,0.00119,42.3408
1.35388,0.00141,42.3430
1.35388,0.00168,42.3455
1.35388,0.00199,42.3485
1.35388,0.00237,42.3520
1.35388,0.00281,42.3563
1.35388,0.00334,42.3614
1.35388,0.00397,42.3676
1.35388,0.00471,42.3749
1.35388,0.00560,42.3837
1.35388,0.00665,42.3944
1.35388,0.00790,42.4072
1.35388,0.00938,42.4228
1.35388,0.01115,42.4417
1.35388,0.01324,42.4647
1.35388,0.01573,42.4928
1.35388,0.01868,42.5274
1.35388,0.02220,42.5702
1.35388,0.02637,42.6234
1.62378,0.00100,42.3208
1.62378,0.00119,42.3192
1.62378,0.00141,42.3172
1.62378,0.00168,42.3149
1.62378,0.00199,42.3121
1.62378,0.00237,42.3088
1.62378,0.00281,42.3049
1.62378,0.00334,42.3004
1.62378,0.00397,42.2950
1.62378,0.00471,42.2886
1.62378,0.00560,42.2811
1.62378,0.00665,42.2723
1.62378,0.00790,42.2620
1.62378,0.00938,42.2500
1.62378,0.01115,42.2359
1.62378,0.01324,42.2197
1.62378,0.01573,42.2009
1.62378,0.01868,42.1795
1.62378,0.02220,42.1552
1.62378,0.02637,42.1280
1.94748,0.00100,42.3270
1.94748,0.00119,42.3265
1.94748,0.00141,42.3259
1.94748,0.00168,42.3252
1.94748,0.00199,42.3244
1.94748,0.00237,42.3234
1.94748,0.00281,42.3222
1.94748,0.00334,42.3209
1.94748,0.00397,42.3193
1.94748,0.00471,42.3175
1.94748,0.00560,42.3153
1.94748,0.00665,42.3129
1.94748,0.00790,42.3101
1.94748,0.00938,42.3069
1.94748,0.01115,42.3034
1.94748,0.01324,42.2994
1.94748,0.01573,42.2952
1.94748,0.01868,42.2908
1.94748,0.02220,42.2865
1.94748,0.02637,42.2826
2.33572,0.00100,42.3252
2.33572,0.00119,42.3248
2.33572,0.00141,42.3242
2.33572,0.00168,42.3236
2.33572,0.00199,42.3229
2.33572,0.00237,42.3221
2.33572,0.00281,42.3211
2.33572,0.00334,42.3199
2.33572,0.00397,42.3185
2.33572,0.00471,42.3169
2.33572,0.00560,42.3150
2.33572,0.00665,42.3128
2.33572,0.00790,42.3102
2.33572,0.00938,42.3073
2.33572,0.01115,42.3040
2.33572,0.01324,42.3002
2.33572,0.01573,42.2960
2.33572,0.01868,42.2914
2.33572,0.02220,42.2864
2.33572,0.02637,42.2813
2.80136,0.00100,42.3274
2.80136,0.00119,42.3274
2.80136,0.00141,42.3273
2.80136,0.00168,42.3273
2.80136,0.00199,42.3273
2.80136,0.00237,42.3272
2.80136,0.00281,42.3272
2.80136,0.00334,42.3272
2.80136,0.00397,42.3271
2.80136,0.00471,42.3271
2.80136,0.00560,42.3271
2.80136,0.00665,42.3271
2.80136,0.00790,42.3272
2.80136,0.00938,42.3273
2.80136,0.01115,42.3276
2.80136,0.01324,42.3281
2.80136,0.01573,42.3288
2.80136,0.01868,42.3298
2.80136,0.02220,42.3315
2.80136,0.02637,42.3340
3.35982,0.00100,42.3278
3.35982,0.00119,42.3278
3.35982,0.00141,42.3279
3.35982,0.00168,42.3279
3.35982,0.00199,42.3280
3.35982,0.00237,42.3281
3.35982,0.00281,42.3282
3.35982,0.00334,42.3284
3.35982,0.00397,42.3286
3.35982,0.00471,42.3288
3.35982,0.00560,42.3291
3.35982,0.00665,42.3294
3.35982,0.00790,42.3299
3.35982,0.00938,42.3305
3.35982,0.01115,42.3312
3.35982,0.01324,42.3322
3.35982,0.01573,42.3334
3.35982,0.01868,42.3350
3.35982,0.02220,42.3372
3.35982,0.02637,42.3400
4.02961,0.00100,42.3283
4.02961,0.00119,42.3284
4.02961,0.00141,42.3286
4.02961,0.00168,42.3288
4.02961,0.00199,42.3290
4.02961,0.00237,42.3293
4.02961,0.00281,42.3296
4.02961,0.00334,42.3300
4.02961,0.00397,42.3305
4.02961,0.00471,42.3310
4.02961,0.00560,42.3317
4.02961,0.00665,42.3325
4.02961,0.00790,42.3335
4.02961,0.00938,42.3347
4.02961,0.01115,42.3361
4.02961,0.01324,42.3379
4.02961,0.01573,42.3401
4.02961,0.01868,42.3427
4.02961,0.02220,42.3460
4.02961,0.02637,42.3500
4.83293,0.00100,42.3275
4.83293,0.00119,42.3275
4.83293,0.00141,42.3275
4.83293,0.00168,42.3275
4.83293,0.00199,42.3275
4.83293,0.00237,42.3275
4.83293,0.00281,42.3275
4.83293,0.00334,42.3275
4.83293,0.00397,42.3275
4.83293,0.00471,42.3275
4.83293,0.00560,42.3276
4.83293,0.00665,42.3276
4.83293,0.00790,42.3276
4.83293,0.00938,42.3277
4.83293,0.01115,42.3277
4.83293,0.01324,42.3278
4.83293,0.01573,42.3280
4.83293,0.01868,42.3282
4.83293,0.02220,42.3286
4.83293,0.02637,42.3291
5.79639,0.00100,42.3276
5.79639,0.00119,42.3276
5.79639,0.00141,42.3276
5.79639,0.00168,42.3276
5.79639,0.00199,42.3277
5.79639,0.00237,42.3277
5.79639,0.00281,42.3277
5.79639,0.00334,42.3278
5.79639,0.00397,42.3278
5.79639,0.00471,42.3279
5.79639,0.00560,42.3279
5.79639,0.00665,42.3280
5.79639,0.00790,42.3281
5.79639,0.00938,42.3282
5.79639,0.01115,42.3284
5.79639,0.01324,42.3286
5.79639,0.01573,42.3288
5.79639,0.01868,42.3292
5.79639,0.02220,42.3296
5.79639,0.02637,42.3301
6.95193,0.00100,42.3275
6.95193,0.00119,42.3275
6.95193,0.00141,42.3275
6.95193,0.00168,42.3275
6.95193,0.00199,42.3275
6.95193,0.00237,42.3275
6.95193,0.00281,42.3275
6.95193,0.00334,42.3275
6.95193,0.00397,42.3275
6.95193,0.00471,42.3275
6.95193,0.00560,42.3275
6.95193,0.00665,42.3275
6.95193,0.00790,42.3275
6.95193,0.00938,42.3275
6.95193,0.01115,42.3275
6.95193,0.01324,42.3276
6.95193,0.01573,42.3276
6.95193,0.01868,42.3276
6.95193,0.02220,42.3277
6.95193,0.02637,42.3277
8.33782,0.00100,42.3275
8.33782,0.00119,42.3274
8.33782,0.00141,42.3274
8.33782,0.00168,42.3274
8.33782,0.00199,42.3274
8.33782,0.00237,42.3273
8.33782,0.00281,42.3273
8.33782,0.00334,42.3273
8.33782,0.00397,42.3272
8.33782,0.00471,42.3271
8.33782,0.00560,42.3271
8.33782,0.00665,42.3270
8.33782,0.00790,42.3269
8.33782,0.00938,42.3268
8.33782,0.01115,42.3266
8.33782,0.01324,42.3265
8.33782,0.01573,42.3263
8.33782,0.01868,42.3260
8.33782,0.02220,42.3257
8.33782,0.02637,42.3254
10.00000,0.00100,42.3275
10.00000,0.00119,42.3275
10.00000,0.00141,42.3275
10.00000,0.00168,42.3275
10.00000,0.00199,42.3275
10.00000,0.00237,42.3275
10.00000,0.00281,42.3275
10.00000,0.00334,42.3275
10.00000,0.00397,42.3275
10.00000,0.00471,42.3275
10.00000,0.00560,42.3275
10.00000,0.00665,42.3275
10.00000,0.00790,42.3275
10.00000,0.00938,42.3275
10.00000,0.01115,42.3275
10.00000,0.01324,42.3275
10.00000,0.01573,42.3275
10.00000,0.01868,42.3275
10.00000,0.02220,42.3275
10.00000,0.02637,42.3275
0.01000,0.03162,96.5015
0.01000,0.03793,118.1637
0.01000,0.04549,149.1869
0.01000,0.05456,193.8623
0.01000,0.06543,258.5686
0.01000,0.07848,352.8657
0.01000,0.09412,491.2217
0.01000,0.11288,695.7909
0.01000,0.13539,1000.9800
0.01000,0.16238,1461.1546
0.01000,0.19475,2164.0598
0.01000,0.23357,3255.1084
0.01000,0.28014,4983.4464
0.01000,0.33598,7794.5981
0.01000,0.40296,12531.2587
0.01000,0.48329,20913.6245
0.01000,0.57964,36857.3315
0.01000,0.69519,70923.0224
0.01000,0.83378,162059.3371
0.01000,1.00000,693724.0964
0.01188,0.03162,122.2415
0.01188,0.03793,154.1329
0.01188,0.04549,199.7794
0.01188,0.05456,265.4727
0.01188,0.06543,360.5554
0.01188,0.07848,499.0130
0.01188,0.09412,701.9831
0.01188,0.11288,1001.7810
0.01188,0.13539,1448.5023
0.01188,0.16238,2121.1348
0.01188,0.19475,3146.8568
0.01188,0.23357,4735.8590
0.01188,0.28014,7247.2040
0.01188,0.33598,11320.9419
0.01188,0.40296,18163.8913
0.01188,0.48329,30232.6057
0.01188,0.57964,53107.6480
0.01188,0.69519,101821.2695
0.01188,0.83378,231434.2965
0.01188,1.00000,933434.0887
0.01411,0.03162,108.6605
0.01411,0.03793,140.2615
0.01411,0.04549,186.6519
0.01411,0.05456,254.8320
0.01411,0.06543,355.2336
0.01411,0.07848,503.5049
0.01411,0.09412,723.3163
0.01411,0.11288,1050.8393
0.01411,0.13539,1542.0523
0.01411,0.16238,2284.9534
0.01411,0.19475,3420.6068
0.01411,0.23357,5180.7796
0.01411,0.28014,7958.3975
0.01411,0.33598,12447.2481
0.01411,0.40296,19940.2080
0.01411,0.48329,33031.2454
0.01411,0.57964,57507.7090
0.01411,0.69519,108594.1064
0.01411,0.83378,240095.8051
0.01411,1.00000,896283.0923
0.01676,0.03162,110.8361
0.01676,0.03793,147.6019
0.01676,0.04549,202.3176
0.01676,0.05456,283.5895
0.01676,0.06543,404.2330
0.01676,0.07848,583.4362
0.01676,0.09412,850.1314
0.01676,0.11288,1248.3271
0.01676,0.13539,1845.7025
0.01676,0.16238,2747.7706
0.01676,0.19475,4121.8648
0.01676,0.23357,6239.1345
0.01676,0.28014,9551.1538
0.01676,0.33598,14837.0571
0.01676,0.40296,23505.4467
0.01676,0.48329,38270.5999
0.01676,0.57964,64863.5444
0.01676,0.69519,117234.2498
0.01676,0.83378,239305.7426
0.01676,1.00000,722325.7367
0.01991,0.03162,141.2255
0.01991,0.03793,188.4002
0.01991,0.04549,257.5633
0.01991,0.05456,359.0277
0.01991,0.06543,508.0818
0.01991,0.07848,727.5145
0.01991,0.09412,1051.5299
0.01991,0.11288,1531.8991
0.01991,0.13539,2247.8022
0.01991,0.16238,3321.9033
0.01991,0.19475,4947.2810
0.01991,0.23357,7433.9520
0.01991,0.28014,11292.3381
0.01991,0.33598,17390.2096
0.01991,0.40296,27265.9119
0.01991,0.48329,43804.0789
0.01991,0.57964,72856.2229
0.01991,0.69519,127774.2701
0.01991,0.83378,245692.8067
0.01991,1.00000,583914.9616
0.02366,0.03162,193.6673
0.02366,0.03793,255.0447
0.02366,0.04549,342.9468
0.02366,0.05456,469.3847
0.02366,0.06543,652.0664
0.02366,0.07848,917.2615
0.02366,0.09412,1304.2301
0.02366,0.11288,1872.1644
0.02366,0.13539,2711.2617
0.02366,0.16238,3960.7486
0.02366,0.19475,5838.9549
0.02366,0.23357,8695.0161
0.02366,0.28014,13101.0567
0.02366,0.33598,20024.1321
0.02366,0.40296,31165.6336
0.02366,0.48329,49682.0469
0.02366,0.57964,81872.5895
0.02366,0.69519,141715.3293
0.02366,0.83378,265956.5609
0.02366,1.00000,585100.3557
0.02810,0.03162,174.0242
0.02810,0.03793,231.3702
0.02810,0.04549,314.3851
0.02810,0.05456,434.8854
0.02810,0.06543,610.3339
0.02810,0.07848,866.6886
0.02810,0.09412,1242.8076
0.02810,0.11288,1797.3576
0.02810,0.13539,2619.8322
0.02810,0.16238,3848.4873
0.02810,0.19475,5700.2580
0.02810,0.23357,8522.1527
0.02810,0.28014,12882.7788
0.02810,0.33598,19742.7163
0.02810,0.40296,30789.7442
0.02810,0.48329,49146.9999
0.02810,0.57964,81016.6848
0.02810,0.69519,140031.3632
0.02810,0.83378,261318.2184
0.02810,1.00000,563231.8914
0.03338,0.03162,156.3290
0.03338,0.03793,207.0738
0.03338,0.04549,280.7802
0.03338,0.05456,388.0829
0.03338,0.06543,544.7204
0.03338,0.07848,774.1232
0.03338,0.09412,1111.4223
0.03338,0.11288,1609.7510
0.03338,0.13539,2350.3229
0.03338,0.16238,3458.8882
0.03338,0.19475,5133.2792
0.03338,0.23357,7690.9275
0.03338,0.28014,11653.8857
0.03338,0.33598,17907.9569
0.03338,0.40296,28017.7846
0.03338,0.48329,44897.4118
0.03338,0.57964,74380.5609
0.03338,0.69519,129424.1774
0.03338,0.83378,243912.6266
0.03338,1.00000,535566.3649
0.03966,0.03162,125.8318
0.03966,0.03793,168.7610
0.03966,0.04549,232.3227
0.03966,0.05456,326.3417
0.03966,0.06543,465.4297
0.03966,0.07848,671.4376
0.03966,0.09412,977.2703
0.03966,0.11288,1432.9063
0.03966,0.13539,2115.0714
0.03966,0.16238,3143.1137
0.03966,0.19475,4705.7354
0.03966,0.23357,7107.4138
0.03966,0.28014,10852.1000
0.03966,0.33598,16801.2642
0.03966,0.40296,26490.0647
0.03966,0.48329,42808.4054
0.03966,0.57964,71619.3115
0.03966,0.69519,126172.2214
0.03966,0.83378,241980.3312
0.03966,1.00000,549045.4264
0.04711,0.03162,134.5146
0.04711,0.03793,174.8043
0.04711,0.04549,233.1979
0.04711,0.05456,318.0726
0.04711,0.06543,441.8402
0.04711,0.07848,623.0051
0.04711,0.09412,889.3672
0.04711,0.11288,1283.0771
0.04711,0.13539,1868.7631
0.04711,0.16238,2746.8819
0.04711,0.19475,4076.2238
0.04711,0.23357,6113.0545
0.04711,0.28014,9281.8239
0.04711,0.33598,14309.0019
0.04711,0.40296,22491.6339
0.04711,0.48329,36278.1381
0.04711,0.57964,60656.0104
0.04711,0.69519,106967.3155
0.04711,0.83378,205957.2426
0.04711,1.00000,473909.1906
0.05597,0.03162,124.3846
0.05597,0.03793,156.6104
0.05597,0.04549,202.5505
0.05597,0.05456,268.3883
0.05597,0.06543,363.2473
0.05597,0.07848,500.6837
0.05597,0.09412,701.0020
0.05597,0.11288,994.9084
0.05597,0.13539,1429.3747
0.05597,0.16238,2077.2600
0.05597,0.19475,3053.5112
0.05597,0.23357,4543.3046
0.05597,0.28014,6852.8294
0.05597,0.33598,10505.3156
0.05597,0.40296,16433.6050
0.05597,0.48329,26396.6007
0.05597,0.57964,43975.4487
0.05597,0.69519,77322.4443
0.05597,0.83378,148651.5321
0.05597,1.00000,344064.2827
0.06648,0.03162,64.0473
0.06648,0.03793,79.7793
0.06648,0.04549,103.8845
0.06648,0.05456,140.5083
0.06648,0.06543,195.8482
0.06648,0.07848,279.2109
0.06648,0.09412,404.6586
0.06648,0.11288,593.6078
0.06648,0.13539,879.0064
0.06648,0.16238,1312.1887
0.06648,0.19475,1974.4180
0.06648,0.23357,2996.9309
0.06648,0.28014,4597.0745
0.06648,0.33598,7146.5603
0.06648,0.40296,11308.1024
0.06648,0.48329,18330.2515
0.06648,0.57964,30750.5461
0.06648,0.69519,54327.4045
0.06648,0.83378,104660.8421
0.06648,1.00000,241471.0167
0.07898,0.03162,88.1235
0.07898,0.03793,103.9948
0.07898,0.04549,126.1217
0.07898,0.05456,157.2096
0.07898,0.06543,201.2216
0.07898,0.07848,264.0086
0.07898,0.09412,354.2815
0.07898,0.11288,485.1393
0.07898,0.13539,676.5096
0.07898,0.16238,959.1317
0.07898,0.19475,1381.2217
0.07898,0.23357,2019.9704
0.07898,0.28014,3002.1235
0.07898,0.33598,4542.5202
0.07898,0.40296,7020.4639
0.07898,0.48329,11142.3805
0.07898,0.57964,18322.8770
0.07898,0.69519,31703.2864
0.07898,0.83378,59467.5431
0.07898,1.00000,129591.1947
0.09382,0.03162,50.9609
0.09382,0.03793,57.2547
0.09382,0.04549,66.9016
0.09382,0.05456,81.5610
0.09382,0.06543,103.7119
0.09382,0.07848,137.0751
0.09382,0.09412,187.2678
0.09382,0.11288,262.8365
0.09382,0.13539,376.9131
0.09382,0.16238,549.9269
0.09382,0.19475,814.1585
0.09382,0.23357,1221.6206
0.09382,0.28014,1858.2123
0.09382,0.33598,2870.3228
0.09382,0.40296,4517.7760
0.09382,0.48329,7287.2083
0.09382,0.57964,12159.6591
0.09382,0.69519,21334.0606
0.09382,0.83378,40630.6524
0.09382,1.00000,90684.7831
0.11145,0.03162,59.8571
0.11145,0.03793,66.7747
0.11145,0.04549,76.6433
0.11145,0.05456,90.7939
0.11145,0.06543,111.1901
0.11145,0.07848,140.7484
0.11145,0.09412,183.8347
0.11145,0.11288,247.0465
0.11145,0.13539,340.4660
0.11145,0.16238,479.7119
0.11145,0.19475,689.3839
0.11145,0.23357,1009.0243
0.11145,0.28014,1503.8264
0.11145,0.33598,2284.7613
0.11145,0.40296,3548.6108
0.11145,0.48329,5663.5738
0.11145,0.57964,9370.6996
0.11145,0.69519,16325.4409
0.11145,0.83378,30879.5503
0.11145,1.00000,68264.5593
0.13240,0.03162,48.8361
0.13240,0.03793,52.8789
0.13240,0.04549,58.9873
0.13240,0.05456,68.1671
0.13240,0.06543,81.9180
0.13240,0.07848,102.4860
0.13240,0.09412,133.2553
0.13240,0.11288,179.3655
0.13240,0.13539,248.6988
0.13240,0.16238,353.4923
0.13240,0.19475,513.0341
0.13240,0.23357,758.3064
0.13240,0.28014,1140.2637
0.13240,0.33598,1745.2372
0.13240,0.40296,2725.1505
0.13240,0.48329,4360.8599
0.13240,0.57964,7206.8794
0.13240,0.69519,12462.9662
0.13240,0.83378,23103.9432
0.13240,1.00000,48308.1139
0.15728,0.03162,53.1652
0.15728,0.03793,57.6175
0.15728,0.04549,64.0094
0.15728,0.05456,73.2244
0.15728,0.06543,86.5670
0.15728,0.07848,105.9764
0.15728,0.09412,134.3567
0.15728,0.11288,176.0960
0.15728,0.13539,237.8978
0.15728,0.16238,330.1364
0.15728,0.19475,469.1251
0.15728,0.23357,681.0206
0.15728,0.28014,1008.7860
0.15728,0.33598,1525.1460
0.15728,0.40296,2357.9898
0.15728,0.48329,3743.5812
0.15728,0.57964,6147.9571
0.15728,0.69519,10578.0199
0.15728,0.83378,19528.2927
0.15728,1.00000,40943.1269
0.18684,0.03162,48.4165
0.18684,0.03793,51.1855
0.18684,0.04549,55.2200
0.18684,0.05456,61.1089
0.18684,0.06543,69.7244
0.18684,0.07848,82.3655
0.18684,0.09412,100.9808
0.18684,0.11288,128.5178
0.18684,0.13539,169.4817
0.18684,0.16238,230.8451
0.18684,0.19475,323.5670
0.18684,0.23357,465.1991
0.18684,0.28014,684.5174
0.18684,0.33598,1030.0946
0.18684,0.40296,1586.9997
0.18684,0.48329,2511.4576
0.18684,0.57964,4108.9405
0.18684,0.69519,7030.8109
0.18684,0.83378,12860.6815
0.18684,1.00000,26876.2619
0.22195,0.03162,46.4007
0.22195,0.03793,47.9825
0.22195,0.04549,50.2335
0.22195,0.05456,53.4542
0.22195,0.06543,58.0877
0.22195,0.07848,64.7913
0.22195,0.09412,74.5487
0.22195,0.11288,88.8448
0.22195,0.13539,109.9465
0.22195,0.16238,141.3612
0.22195,0.19475,188.6035
0.22195,0.23357,260.5164
0.22195,0.28014,371.6296
0.22195,0.33598,546.5504
0.22195,0.40296,828.5842
0.22195,0.48329,1297.8221
0.22195,0.57964,2112.5561
0.22195,0.69519,3616.4868
0.22195,0.83378,6678.4191
0.22195,1.00000,14867.0006
0.26367,0.03162,46.0801
0.26367,0.03793,47.1502
0.26367,0.04549,48.5819
0.26367,0.05456,50.5176
0.26367,0.06543,53.1625
0.26367,0.07848,56.8161
0.26367,0.09412,61.9197
0.26367,0.11288,69.1314
0.26367,0.13539,79.4462
0.26367,0.16238,94.3919
0.26367,0.19475,116.3570
0.26367,0.23357,149.1583
0.26367,0.28014,199.0572
0.26367,0.33598,276.6651
0.26367,0.40296,400.7202
0.26367,0.48329,606.1253
0.26367,0.57964,962.7638
0.26367,0.69519,1626.1177
0.26367,0.83378,3010.9196
0.26367,1.00000,7192.3727
0.31623,0.03162,41.7317
0.31623,0.03793,41.7714
0.31623,0.04549,41.8924
0.31623,0.05456,42.1456
0.31623,0.06543,42.6092
0.31623,0.07848,43.4038
0.31623,0.09412,44.7144
0.31623,0.11288,46.8274
0.31623,0.13539,50.1891
0.31623,0.16238,55.5016
0.31623,0.19475,63.8862
0.31623,0.23357,77.1654
0.31623,0.28014,98.3732
0.31623,0.33598,132.7140
0.31623,0.40296,189.4733
0.31623,0.48329,286.1003
0.31623,0.57964,457.8123
0.31623,0.69519,783.5836
0.31623,0.83378,1476.0105
0.31623,1.00000,3556.7174
0.37927,0.03162,43.3589
0.37927,0.03793,43.6362
0.37927,0.04549,44.0020
0.37927,0.05456,44.4896
0.37927,0.06543,45.1465
0.37927,0.07848,46.0414
0.37927,0.09412,47.2747
0.37927,0.11288,48.9945
0.37927,0.13539,51.4231
0.37927,0.16238,54.8981
0.37927,0.19475,59.9424
0.37927,0.23357,67.3821
0.37927,0.28014,78.5560
0.37927,0.33598,95.7016
0.37927,0.40296,122.7080
0.37927,0.48329,166.6865
0.37927,0.57964,241.5659
0.37927,0.69519,377.4955
0.37927,0.83378,651.6569
0.37927,1.00000,1375.4632
0.45488,0.03162,41.7253
0.45488,0.03793,41.6424
0.45488,0.04549,41.5604
0.45488,0.05456,41.4875
0.45488,0.06543,41.4378
0.45488,0.07848,41.4341
0.45488,0.09412,41.5130
0.45488,0.11288,41.7328
0.45488,0.13539,42.1862
0.45488,0.16238,43.0210
0.45488,0.19475,44.4743
0.45488,0.23357,46.9310
0.45488,0.28014,51.0277
0.45488,0.33598,57.8420
0.45488,0.40296,69.2593
0.45488,0.48329,88.7266
0.45488,0.57964,122.9432
0.45488,0.69519,186.1268
0.45488,0.83378,312.9528
0.45488,1.00000,618.9153
0.54556,0.03162,41.9151
0.54556,0.03793,41.8668
0.54556,0.04549,41.8249
0.54556,0.05456,41.7980
0.54556,0.06543,41.8003
0.54556,0.07848,41.8544
0.54556,0.09412,41.9959
0.54556,0.11288,42.2809
0.54556,0.13539,42.7979
0.54556,0.16238,43.6872
0.54556,0.19475,45.1729
0.54556,0.23357,47.6194
0.54556,0.28014,51.6296
0.54556,0.33598,58.2293
0.54556,0.40296,69.2275
0.54556,0.48329,87.9752
0.54556,0.57964,121.1226
0.54556,0.69519,183.2856
0.54556,0.83378,312.4786
0.54556,1.00000,654.4764
0.65432,0.03162,42.5797
0.65432,0.03793,42.6645
0.65432,0.04549,42.7825
0.65432,0.05456,42.9479
0.65432,0.06543,43.1818
0.65432,0.07848,43.5148
0.65432,0.09412,43.9929
0.65432,0.11288,44.6852
0.65432,0.13539,45.6965
0.65432,0.16238,47.1887
0.65432,0.19475,49.4155
0.65432,0.23357,52.7838
0.65432,0.28014,57.9619
0.65432,0.33598,66.0852
0.65432,0.40296,79.1667
0.65432,0.48329,100.9820
0.65432,0.57964,139.1968
0.65432,0.69519,211.3160
0.65432,0.83378,366.1177
0.65432,1.00000,822.8887
0.78476,0.03162,42.8553
0.78476,0.03793,42.9897
0.78476,0.04549,43.1647
0.78476,0.05456,43.3949
0.78476,0.06543,43.7011
0.78476,0.07848,44.1133
0.78476,0.09412,44.6748
0.78476,0.11288,45.4499
0.78476,0.13539,46.5348
0.78476,0.16238,48.0762
0.78476,0.19475,50.3023
0.78476,0.23357,53.5769
0.78476,0.28014,58.4965
0.78476,0.33598,66.0753
0.78476,0.40296,78.1182
0.78476,0.48329,98.0387
0.78476,0.57964,132.8540
0.78476,0.69519,198.9060
0.78476,0.83378,343.2534
0.78476,1.00000,796.6204
0.94120,0.03162,42.5188
0.94120,0.03793,42.5815
0.94120,0.04549,42.6683
0.94120,0.05456,42.7898
0.94120,0.06543,42.9609
0.94120,0.07848,43.2042
0.94120,0.09412,43.5531
0.94120,0.11288,44.0577
0.94120,0.13539,44.7949
0.94120,0.16238,45.8832
0.94120,0.19475,47.5096
0.94120,0.23357,49.9752
0.94120,0.28014,53.7777
0.94120,0.33598,59.7699
0.94120,0.40296,69.4770
0.94120,0.48329,85.7931
0.94120,0.57964,114.6752
0.94120,0.69519,169.9668
0.94120,0.83378,291.2366
0.94120,1.00000,671.6431
1.12884,0.03162,42.1268
1.12884,0.03793,42.1067
1.12884,0.04549,42.0919
1.12884,0.05456,42.0879
1.12884,0.06543,42.1033
1.12884,0.07848,42.1522
1.12884,0.09412,42.2560
1.12884,0.11288,42.4490
1.12884,0.13539,42.7848
1.12884,0.16238,43.3488
1.12884,0.19475,44.2782
1.12884,0.23357,45.7966
1.12884,0.28014,48.2774
1.12884,0.33598,52.3620
1.12884,0.40296,59.1957
1.12884,0.48329,70.9322
1.12884,0.57964,91.9267
1.12884,0.69519,131.9792
1.12884,0.83378,217.4252
1.12884,1.00000,459.0040
1.35388,0.03162,42.6942
1.35388,0.03793,42.7847
1.35388,0.04549,42.9013
1.35388,0.05456,43.0532
1.35388,0.06543,43.2530
1.35388,0.07848,43.5190
1.35388,0.09412,43.8773
1.35388,0.11288,44.3661
1.35388,0.13539,45.0424
1.35388,0.16238,45.9920
1.35388,0.19475,47.3469
1.35388,0.23357,49.3153
1.35388,0.28014,52.2335
1.35388,0.33598,56.6636
1.35388,0.40296,63.5844
1.35388,0.48329,74.7943
1.35388,0.57964,93.8430
1.35388,0.69519,128.4996
1.35388,0.83378,198.8066
1.35388,1.00000,381.4798
1.62378,0.03162,42.0963
1.62378,0.03793,42.0622
1.62378,0.04549,42.0270
1.62378,0.05456,41.9932
1.62378,0.06543,41.9652
1.62378,0.07848,41.9503
1.62378,0.09412,41.9603
1.62378,0.11288,42.0146
1.62378,0.13539,42.1446
1.62378,0.16238,42.4008
1.62378,0.19475,42.8661
1.62378,0.23357,43.6774
1.62378,0.28014,45.0664
1.62378,0.33598,47.4350
1.62378,0.40296,51.5083
1.62378,0.48329,58.6620
1.62378,0.57964,71.6955
1.62378,0.69519,96.9243
1.62378,0.83378,151.1775
1.62378,1.00000,302.3834
1.94748,0.03162,42.2797
1.94748,0.03793,42.2792
1.94748,0.04549,42.2829
1.94748,0.05456,42.2937
1.94748,0.06543,42.3161
1.94748,0.07848,42.3570
1.94748,0.09412,42.4271
1.94748,0.11288,42.5429
1.94748,0.13539,42.7303
1.94748,0.16238,43.0300
1.94748,0.19475,43.5068
1.94748,0.23357,44.2661
1.94748,0.28014,45.4826
1.94748,0.33598,47.4551
1.94748,0.40296,50.7138
1.94748,0.48329,56.2484
1.94748,0.57964,66.0362
1.94748,0.69519,84.4336
1.94748,0.83378,122.6530
1.94748,1.00000,224.6101
2.33572,0.03162,42.2761
2.33572,0.03793,42.2717
2.33572,0.04549,42.2692
2.33572,0.05456,42.2700
2.33572,0.06543,42.2769
2.33572,0.07848,42.2939
2.33572,0.09412,42.3274
2.33572,0.11288,42.3872
2.33572,0.13539,42.4892
2.33572,0.16238,42.6580
2.33572,0.19475,42.9335
2.33572,0.23357,43.3805
2.33572,0.28014,44.1069
2.33572,0.33598,45.2978
2.33572,0.40296,47.2823
2.33572,0.48329,50.6754
2.33572,0.57964,56.7070
2.33572,0.69519,68.0863
2.33572,0.83378,91.7714
2.33572,1.00000,156.3708
2.80136,0.03162,42.3379
2.80136,0.03793,42.3438
2.80136,0.04549,42.3527
2.80136,0.05456,42.3660
2.80136,0.06543,42.3857
2.80136,0.07848,42.4151
2.80136,0.09412,42.4590
2.80136,0.11288,42.5245
2.80136,0.13539,42.6228
2.80136,0.16238,42.7711
2.80136,0.19475,42.9966
2.80136,0.23357,43.3429
2.80136,0.28014,43.8819
2.80136,0.33598,44.7351
2.80136,0.40296,46.1170
2.80136,0.48329,48.4246
2.80136,0.57964,52.4444
2.80136,0.69519,59.8915
2.80136,0.83378,75.1269
2.80136,1.00000,117.7524
3.35982,0.03162,42.3442
3.35982,0.03793,42.3498
3.35982,0.04549,42.3577
3.35982,0.05456,42.3688
3.35982,0.06543,42.3844
3.35982,0.07848,42.4066
3.35982,0.09412,42.4385
3.35982,0.11288,42.4847
3.35982,0.13539,42.5523
3.35982,0.16238,42.6520
3.35982,0.19475,42.8010
3.35982,0.23357,43.0265
3.35982,0.28014,43.3734
3.35982,0.33598,43.9180
3.35982,0.40296,44.7948
3.35982,0.48329,46.2544
3.35982,0.57964,48.7975
3.35982,0.69519,53.5316
3.35982,0.83378,63.3515
3.35982,1.00000,93.4327
4.02961,0.03162,42.3554
4.02961,0.03793,42.3623
4.02961,0.04549,42.3711
4.02961,0.05456,42.3825
4.02961,0.06543,42.3976
4.02961,0.07848,42.4176
4.02961,0.09412,42.4444
4.02961,0.11288,42.4810
4.02961,0.13539,42.5315
4.02961,0.16238,42.6023
4.02961,0.19475,42.7033
4.02961,0.23357,42.8499
4.02961,0.28014,43.0674
4.02961,0.33598,43.3979
4.02961,0.40296,43.9156
4.02961,0.48329,44.7576
4.02961,0.57964,46.1978
4.02961,0.69519,48.8477
4.02961,0.83378,54.3599
4.02961,1.00000,73.9982
4.83293,0.03162,42.3298
4.83293,0.03793,42.3309
4.83293,0.04549,42.3325
4.83293,0.05456,42.3349
4.83293,0.06543,42.3384
4.83293,0.07848,42.3435
4.83293,0.09412,42.3511
4.83293,0.11288,42.3624
4.83293,0.13539,42.3793
4.83293,0.16238,42.4047
4.83293,0.19475,42.4432
4.83293,0.23357,42.5022
4.83293,0.28014,42.5942
4.83293,0.33598,42.7402
4.83293,0.40296,42.9779
4.83293,0.48329,43.3792
4.83293,0.57964,44.0918
4.83293,0.69519,45.4622
4.83293,0.83378,48.5113
4.83293,1.00000,62.6707
5.79639,0.03162,42.3308
5.79639,0.03793,42.3317
5.79639,0.04549,42.3330
5.79639,0.05456,42.3347
5.79639,0.06543,42.3370
5.79639,0.07848,42.3402
5.79639,0.09412,42.3447
5.79639,0.11288,42.3511
5.79639,0.13539,42.3603
5.79639,0.16238,42.3737
5.79639,0.19475,42.3933
5.79639,0.23357,42.4228
5.79639,0.28014,42.4679
5.79639,0.33598,42.5386
5.79639,0.40296,42.6533
5.79639,0.48329,42.8479
5.79639,0.57964,43.2005
5.79639,0.69519,43.9104
5.79639,0.83378,45.6528
5.79639,1.00000,56.8980
6.95193,0.03162,42.3278
6.95193,0.03793,42.3280
6.95193,0.04549,42.3282
6.95193,0.05456,42.3286
6.95193,0.06543,42.3292
6.95193,0.07848,42.3300
6.95193,0.09412,42.3312
6.95193,0.11288,42.3330
6.95193,0.13539,42.3358
6.95193,0.16238,42.3399
6.95193,0.19475,42.3463
6.95193,0.23357,42.3562
6.95193,0.28014,42.3720
6.95193,0.33598,42.3979
6.95193,0.40296,42.4421
6.95193,0.48329,42.5220
6.95193,0.57964,42.6803
6.95193,0.69519,43.0428
6.95193,0.83378,44.1132
6.95193,1.00000,53.9077
8.33782,0.03162,42.3250
8.33782,0.03793,42.3245
8.33782,0.04549,42.3240
8.33782,0.05456,42.3233
8.33782,0.06543,42.3225
8.33782,0.07848,42.3217
8.33782,0.09412,42.3207
8.33782,0.11288,42.3195
8.33782,0.13539,42.3184
8.33782,0.16238,42.3172
8.33782,0.19475,42.3162
8.33782,0.23357,42.3157
8.33782,0.28014,42.3165
8.33782,0.33598,42.3202
8.33782,0.40296,42.3307
8.33782,0.48329,42.3576
8.33782,0.57964,42.4288
8.33782,0.69519,42.6397
8.33782,0.83378,43.4255
8.33782,1.00000,52.6163
10.00000,0.03162,42.3275
10.00000,0.03793,42.3275
10.00000,0.04549,42.3275
10.00000,0.05456,42.3275
10.00000,0.06543,42.3275
10.00000,0.07848,42.3275
10.00000,0.09412,42.3276
10.00000,0.11288,42.3278
10.00000,0.13539,42.3280
10.00000,0.16238,42.3284
10.00000,0.19475,42.3292
10.00000,0.23357,42.3305
10.00000,0.28014,42.3330
10.00000,0.33598,42.3379
10.00000,0.40296,42.3483
10.00000,0.48329,42.3723
10.00000,0.57964,42.4348
10.00000,0.69519,42.6238
10.00000,0.83378,43.3572
10.00000,1.00000,52.4177
