0.01000,0.00100,475.9181
0.01000,0.00127,475.7753
0.01000,0.00161,475.5993
0.01000,0.00204,475.3842
0.01000,0.00259,475.1246
0.01000,0.00329,474.8167
0.01000,0.00418,474.4609
0.01000,0.00530,474.0657
0.01000,0.00672,473.6552
0.01000,0.00853,473.2817
0.01000,0.01083,473.0468
0.01000,0.01374,473.1375
0.01000,0.01743,473.8857
0.01000,0.02212,475.8699
0.01000,0.02807,480.0861
0.01000,0.03562,488.2372
0.01000,0.04520,503.2311
0.01000,0.05736,530.0426
0.01000,0.07279,577.2371
0.01000,0.09237,659.7159
0.01000,0.11721,803.8073
0.01000,0.14874,1057.0424
0.01000,0.18874,1507.7980
0.01000,0.23950,2327.1144
0.01000,0.30392,3864.7168
0.01000,0.38566,6892.9081
0.01000,0.48939,13319.4563
0.01000,0.62102,28757.5368
0.01000,0.78805,75799.3499
0.01000,1.00000,363487.7235
0.01258,0.00100,474.3081
0.01258,0.00127,473.7376
0.01258,0.00161,473.0221
0.01258,0.00204,472.1277
0.01258,0.00259,471.0145
0.01258,0.00329,469.6372
0.01258,0.00418,467.9463
0.01258,0.00530,465.8927
0.01258,0.00672,463.4354
0.01258,0.00853,460.5581
0.01258,0.01083,457.2976
0.01258,0.01374,453.7952
0.01258,0.01743,450.3852
0.01258,0.02212,447.7488
0.01258,0.02807,447.1778
0.01258,0.03562,451.0290
0.01258,0.04520,463.5122
0.01258,0.05736,492.0681
0.01258,0.07279,549.8138
0.01258,0.09237,659.9729
0.01258,0.11721,864.1090
0.01258,0.14874,1237.9649
0.01258,0.18874,1923.2980
0.01258,0.23950,3195.6155
0.01258,0.30392,5619.4409
0.01258,0.38566,10441.6290
0.01258,0.48939,20737.0672
0.01258,0.62102,45524.3821
0.01258,0.78805,120967.5150
0.01258,1.00000,583597.0886
0.01584,0.00100,473.8734
0.01584,0.00127,473.1888
0.01584,0.00161,472.3300
0.01584,0.00204,471.2566
0.01584,0.00259,469.9205
0.01584,0.00329,468.2673
0.01584,0.00418,466.2375
0.01584,0.00530,463.7719
0.01584,0.00672,460.8211
0.01584,0.00853,457.3646
0.01584,0.01083,453.4452
0.01584,0.01374,449.2296
0.01584,0.01743,445.1137
0.01584,0.02212,441.9041
0.01584,0.02807,441.1288
0.01584,0.03562,445.5717
0.01584,0.04520,460.1928
0.01584,0.05736,493.7292
0.01584,0.07279,561.5166
0.01584,0.09237,690.5521
0.01584,0.11721,928.8029
0.01584,0.14874,1362.8701
0.01584,0.18874,2152.9140
0.01584,0.23950,3605.4947
0.01584,0.30392,6336.5533
0.01584,0.38566,11672.2967
0.01584,0.48939,22775.3714
0.01584,0.62102,48509.2184
0.01584,0.78805,122163.3235
0.01584,1.00000,525072.7738
0.01993,0.00100,475.5745
0.01993,0.00127,475.3498
0.01993,0.00161,475.0762
0.01993,0.00204,474.7475
0.01993,0.00259,474.3603
0.01993,0.00329,473.9174
0.01993,0.00418,473.4332
0.01993,0.00530,472.9448
0.01993,0.00672,472.5283
0.01993,0.00853,472.3288
0.01993,0.01083,472.6085
0.01993,0.01374,473.8276
0.01993,0.01743,476.7791
0.01993,0.02212,482.8125
0.01993,0.02807,494.2080
0.01993,0.03562,514.8044
0.01993,0.04520,551.0605
0.01993,0.05736,613.8688
0.01993,0.07279,721.6946
0.01993,0.09237,906.1082
0.01993,0.11721,1221.7532
0.01993,0.14874,1764.8321
0.01993,0.18874,2708.6804
0.01993,0.23950,4375.5552
0.01993,0.30392,7390.8074
0.01993,0.38566,13042.6913
0.01993,0.48939,24225.0207
0.01993,0.62102,48368.9907
0.01993,0.78805,109586.4961
0.01993,1.00000,342428.5017
0.02508,0.00100,477.6702
0.02508,0.00127,478.0107
0.02508,0.00161,478.4552
0.02508,0.00204,479.0393
0.02508,0.00259,479.8129
0.02508,0.00329,480.8467
0.02508,0.00418,482.2428
0.02508,0.00530,484.1504
0.02508,0.00672,486.7906
0.02508,0.00853,490.4959
0.02508,0.01083,495.7724
0.02508,0.01374,503.3994
0.02508,0.01743,514.5897
0.02508,0.02212,531.2500
0.02508,0.02807,556.4061
0.02508,0.03562,594.9028
0.02508,0.04520,654.5704
0.02508,0.05736,748.1856
0.02508,0.07279,896.8217
0.02508,0.09237,1135.6639
0.02508,0.11721,1524.3289
0.02508,0.14874,2165.6706
0.02508,0.18874,3241.2262
0.02508,0.23950,5080.9659
0.02508,0.30392,8308.3624
0.02508,0.38566,14164.9822
0.02508,0.48939,25312.7737
0.02508,0.62102,48123.5833
0.02508,0.78805,100907.8569
0.02508,1.00000,260446.9357
0.03157,0.00100,476.8769
0.03157,0.00127,476.9990
0.03157,0.00161,477.1636
0.03157,0.00204,477.3876
0.03157,0.00259,477.6964
0.03157,0.00329,478.1280
0.03157,0.00418,478.7396
0.03157,0.00530,479.6190
0.03157,0.00672,480.9016
0.03157,0.00853,482.7987
0.03157,0.01083,485.6423
0.03157,0.01374,489.9573
0.03157,0.01743,496.5797
0.03157,0.02212,506.8481
0.03157,0.02807,522.9193
0.03157,0.03562,548.2886
0.03157,0.04520,588.6572
0.03157,0.05736,653.3926
0.03157,0.07279,758.0178
0.03157,0.09237,928.5226
0.03157,0.11721,1208.9785
0.03157,0.14874,1675.3262
0.03157,0.18874,2461.1299
0.03157,0.23950,3807.6161
0.03157,0.30392,6165.9230
0.03157,0.38566,10420.0988
0.03157,0.48939,18417.2594
0.03157,0.62102,34386.3174
0.03157,0.78805,69448.3337
0.03157,1.00000,160028.9092
0.03973,0.00100,475.0633
0.03973,0.00127,474.6949
0.03973,0.00161,474.2352
0.03973,0.00204,473.6642
0.03973,0.00259,472.9598
0.03973,0.00329,472.0984
0.03973,0.00418,471.0577
0.03973,0.00530,469.8216
0.03973,0.00672,468.3895
0.03973,0.00853,466.7931
0.03973,0.01083,465.1247
0.03973,0.01374,463.5870
0.03973,0.01743,462.5768
0.03973,0.02212,462.8270
0.03973,0.02807,465.6459
0.03973,0.03562,473.3224
0.03973,0.04520,489.8138
0.03973,0.05736,521.9238
0.03973,0.07279,581.3406
0.03973,0.09237,688.2189
0.03973,0.11721,877.5989
0.03973,0.14874,1211.2099
0.03973,0.18874,1799.9007
0.03973,0.23950,2848.0955
0.03973,0.30392,4746.8085
0.03973,0.38566,8282.4783
0.03973,0.48939,15151.9451
0.03973,0.62102,29407.9495
0.03973,0.78805,62367.0616
0.03973,1.00000,154993.3247
0.05000,0.00100,475.4351
0.05000,0.00127,475.1634
0.05000,0.00161,474.8243
0.05000,0.00204,474.4032
0.05000,0.00259,473.8838
0.05000,0.00329,473.2487
0.05000,0.00418,472.4815
0.05000,0.00530,471.5704
0.05000,0.00672,470.5153
0.05000,0.00853,469.3398
0.05000,0.01083,468.1127
0.05000,0.01374,466.9846
0.05000,0.01743,466.2503
0.05000,0.02212,466.4542
0.05000,0.02807,468.5684
0.05000,0.03562,474.2949
0.05000,0.04520,486.5794
0.05000,0.05736,510.4934
0.05000,0.07279,554.7656
0.05000,0.09237,634.4841
0.05000,0.11721,775.9644
0.05000,0.14874,1025.7581
0.05000,0.18874,1467.9137
0.05000,0.23950,2258.5378
0.05000,0.30392,3699.0611
0.05000,0.38566,6403.5144
0.05000,0.48939,11720.2234
0.05000,0.62102,22951.7389
0.05000,0.78805,49687.0674
0.05000,1.00000,129333.8315
0.06292,0.00100,474.6398
0.06292,0.00127,474.1508
0.06292,0.00161,473.5340
0.06292,0.00204,472.7572
0.06292,0.00259,471.7812
0.06292,0.00329,470.5580
0.06292,0.00418,469.0307
0.06292,0.00530,467.1329
0.06292,0.00672,464.7897
0.06292,0.00853,461.9213
0.06292,0.01083,458.4517
0.06292,0.01374,454.3247
0.06292,0.01743,449.5361
0.06292,0.02212,444.1893
0.06292,0.02807,438.5964
0.06292,0.03562,433.4535
0.06292,0.04520,430.1469
0.06292,0.05736,431.2878
0.06292,0.07279,441.6530
0.06292,0.09237,469.8575
0.06292,0.11721,531.3849
0.06292,0.14874,654.2102
0.06292,0.18874,889.5781
0.06292,0.23950,1333.5558
0.06292,0.30392,2172.5883
0.06292,0.38566,3787.0984
0.06292,0.48939,7011.5777
0.06292,0.62102,13885.1766
0.06292,0.78805,30328.9179
0.06292,1.00000,79925.1863
0.07919,0.00100,474.4605
0.07919,0.00127,473.9208
0.07919,0.00161,473.2381
0.07919,0.00204,472.3752
0.07919,0.00259,471.2857
0.07919,0.00329,469.9123
0.07919,0.00418,468.1838
0.07919,0.00530,466.0139
0.07919,0.00672,463.2979
0.07919,0.00853,459.9125
0.07919,0.01083,455.7150
0.07919,0.01374,450.5484
0.07919,0.01743,444.2514
0.07919,0.02212,436.6824
0.07919,0.02807,427.7650
0.07919,0.03562,417.5741
0.07919,0.04520,406.4906
0.07919,0.05736,395.4802
0.07919,0.07279,386.5902
0.07919,0.09237,383.8404
0.07919,0.11721,394.8370
0.07919,0.14874,433.7498
0.07919,0.18874,526.9445
0.07919,0.23950,724.0150
0.07919,0.30392,1120.4081
0.07919,0.38566,1906.7210
0.07919,0.48939,3485.1912
0.07919,0.62102,6777.4145
0.07919,0.78805,14180.3506
0.07919,1.00000,33501.8657
0.09966,0.00100,473.7473
0.09966,0.00127,473.0155
0.09966,0.00161,472.0889
0.09966,0.00204,470.9162
0.09966,0.00259,469.4331
0.09966,0.00329,467.5595
0.09966,0.00418,465.1951
0.09966,0.00530,462.2164
0.09966,0.00672,458.4713
0.09966,0.00853,453.7750
0.09966,0.01083,447.9065
0.09966,0.01374,440.6073
0.09966,0.01743,431.5846
0.09966,0.02212,420.5261
0.09966,0.02807,407.1319
0.09966,0.03562,391.1835
0.09966,0.04520,372.6748
0.09966,0.05736,352.0591
0.09966,0.07279,330.7054
0.09966,0.09237,311.7405
0.09966,0.11721,301.6195
0.09966,0.14874,313.1022
0.09966,0.18874,371.0542
0.09966,0.23950,524.1941
0.09966,0.30392,870.1287
0.09966,0.38566,1612.5054
0.09966,0.48939,3204.1574
0.09966,0.62102,6755.3565
0.09966,0.78805,15448.9858
0.09966,1.00000,41587.6489
0.12542,0.00100,473.9929
0.12542,0.00127,473.3268
0.12542,0.00161,472.4835
0.12542,0.00204,471.4162
0.12542,0.00259,470.0665
0.12542,0.00329,468.3613
0.12542,0.00418,466.2097
0.12542,0.00530,463.4991
0.12542,0.00672,460.0914
0.12542,0.00853,455.8187
0.12542,0.01083,450.4806
0.12542,0.01374,443.8428
0.12542,0.01743,435.6413
0.12542,0.02212,425.5964
0.12542,0.02807,413.4445
0.12542,0.03562,399.0049
0.12542,0.04520,382.3099
0.12542,0.05736,363.8496
0.12542,0.07279,345.0331
0.12542,0.09237,329.0543
0.12542,0.11721,322.5447
0.12542,0.14874,338.8040
0.12542,0.18874,404.3386
0.12542,0.23950,572.7497
0.12542,0.30392,956.1916
0.12542,0.38566,1803.0715
0.12542,0.48939,3714.2769
0.12542,0.62102,8358.8050
0.12542,0.78805,21605.8792
0.12542,1.00000,78294.4658
0.15785,0.00100,475.6318
0.15785,0.00127,475.3215
0.15785,0.00161,474.9291
0.15785,0.00204,474.4332
0.15785,0.00259,473.8071
0.15785,0.00329,473.0180
0.15785,0.00418,472.0250
0.15785,0.00530,470.7788
0.15785,0.00672,469.2196
0.15785,0.00853,467.2772
0.15785,0.01083,464.8709
0.15785,0.01374,461.9128
0.15785,0.01743,458.3147
0.15785,0.02212,454.0038
0.15785,0.02807,448.9532
0.15785,0.03562,443.2388
0.15785,0.04520,437.1462
0.15785,0.05736,431.3657
0.15785,0.07279,427.3546
0.15785,0.09237,428.0166
0.15785,0.11721,439.0051
0.15785,0.14874,471.3089
0.15785,0.18874,546.6067
0.15785,0.23950,709.0159
0.15785,0.30392,1052.9102
0.15785,0.38566,1795.8498
0.15785,0.48939,3498.9201
0.15785,0.62102,7888.3048
0.15785,0.78805,22223.0914
0.15785,1.00000,114083.4225
0.19865,0.00100,478.1796
0.19865,0.00127,478.5546
0.19865,0.00161,479.0317
0.19865,0.00204,479.6390
0.19865,0.00259,480.4128
0.19865,0.00329,481.3999
0.19865,0.00418,482.6606
0.19865,0.00530,484.2737
0.19865,0.00672,486.3422
0.19865,0.00853,489.0018
0.19865,0.01083,492.4333
0.19865,0.01374,496.8797
0.19865,0.01743,502.6719
0.19865,0.02212,510.2672
0.19865,0.02807,520.3085
0.19865,0.03562,533.7164
0.19865,0.04520,551.8386
0.19865,0.05736,576.6957
0.19865,0.07279,611.3987
0.19865,0.09237,660.8829
0.19865,0.11721,733.2473
0.19865,0.14874,842.3124
0.19865,0.18874,1012.7799
0.19865,0.23950,1291.3800
0.19865,0.30392,1773.1354
0.19865,0.38566,2670.7473
0.19865,0.48939,4529.3206
0.19865,0.62102,9068.0101
0.19865,0.78805,24145.4254
0.19865,1.00000,153155.7366
0.25000,0.00100,480.5429
0.25000,0.00127,481.5569
0.25000,0.00161,482.8468
0.25000,0.00204,484.4888
0.25000,0.00259,486.5810
0.25000,0.00329,489.2494
0.25000,0.00418,492.6576
0.25000,0.00530,497.0179
0.25000,0.00672,502.6085
0.25000,0.00853,509.7957
0.25000,0.01083,519.0669
0.25000,0.01374,531.0766
0.25000,0.01743,546.7156
0.25000,0.02212,567.2128
0.25000,0.02807,594.2920
0.25000,0.03562,630.4162
0.25000,0.04520,679.1783
0.25000,0.05736,745.9407
0.25000,0.07279,838.9122
0.25000,0.09237,971.0170
0.25000,0.11721,1163.2561
0.25000,0.14874,1451.0107
0.25000,0.18874,1896.4801
0.25000,0.23950,2614.8193
0.25000,0.30392,3833.6626
0.25000,0.38566,6043.8134
0.25000,0.48939,10440.9724
0.25000,0.62102,20538.5806
0.25000,0.78805,50800.6193
0.25000,1.00000,264819.4751
