0.00200,0.01000,91.8873
0.00200,0.01359,90.6048
0.00200,0.01718,89.4672
0.00200,0.02077,88.4771
0.00200,0.02436,87.6374
0.00200,0.02795,86.9508
0.00200,0.03154,86.4202
0.00200,0.03513,86.0485
0.00200,0.03872,85.8387
0.00200,0.04231,85.7937
0.00200,0.04590,85.9166
0.00200,0.04949,86.2106
0.00200,0.05308,86.6788
0.00200,0.05667,87.3244
0.00200,0.06026,88.1506
0.00200,0.06385,89.1609
0.00200,0.06744,90.3587
0.00200,0.07103,91.7473
0.00200,0.07462,93.3302
0.00200,0.07821,95.1112
0.00200,0.08179,97.0938
0.00200,0.08538,99.2816
0.00200,0.08897,101.6786
0.00200,0.09256,104.2885
0.00200,0.09615,107.1152
0.00200,0.09974,110.1627
0.00200,0.10333,113.4350
0.00200,0.10692,116.9363
0.00200,0.11051,120.6708
0.00200,0.11410,124.6427
0.00200,0.11769,128.8564
0.00200,0.12128,133.3163
0.00200,0.12487,138.0270
0.00200,0.12846,142.9929
0.00200,0.13205,148.2188
0.00200,0.13564,153.7094
0.00200,0.13923,159.4696
0.00200,0.14282,165.5043
0.00200,0.14641,171.8185
0.00200,0.15000,178.4174
0.00203,0.01000,91.4420
0.00203,0.01359,89.9892
0.00203,0.01718,88.6756
0.00203,0.02077,87.5040
0.00203,0.02436,86.4769
0.00203,0.02795,85.5971
0.00203,0.03154,84.8673
0.00203,0.03513,84.2905
0.00203,0.03872,83.8694
0.00203,0.04231,83.6070
0.00203,0.04590,83.5062
0.00203,0.04949,83.5701
0.00203,0.05308,83.8019
0.00203,0.05667,84.2045
0.00203,0.06026,84.7812
0.00203,0.06385,85.5352
0.00203,0.06744,86.4699
0.00203,0.07103,87.5886
0.00203,0.07462,88.8948
0.00203,0.07821,90.3918
0.00203,0.08179,92.0834
0.00203,0.08538,93.9730
0.00203,0.08897,96.0643
0.00203,0.09256,98.3612
0.00203,0.09615,100.8674
0.00203,0.09974,103.5867
0.00203,0.10333,106.5232
0.00203,0.10692,109.6809
0.00203,0.11051,113.0638
0.00203,0.11410,116.6761
0.00203,0.11769,120.5221
0.00203,0.12128,124.6061
0.00203,0.12487,128.9325
0.00203,0.12846,133.5057
0.00203,0.13205,138.3304
0.00203,0.13564,143.4111
0.00203,0.13923,148.7527
0.00203,0.14282,154.3599
0.00203,0.14641,160.2376
0.00203,0.15000,166.3909
0.00207,0.01000,90.9942
0.00207,0.01359,89.3711
0.00207,0.01718,87.8821
0.00207,0.02077,86.5296
0.00207,0.02436,85.3164
0.00207,0.02795,84.2451
0.00207,0.03154,83.3184
0.00207,0.03513,82.5390
0.00207,0.03872,81.9097
0.00207,0.04231,81.4334
0.00207,0.04590,81.1129
0.00207,0.04949,80.9512
0.00207,0.05308,80.9513
0.00207,0.05667,81.1162
0.00207,0.06026,81.4491
0.00207,0.06385,81.9531
0.00207,0.06744,82.6314
0.00207,0.07103,83.4873
0.00207,0.07462,84.5242
0.00207,0.07821,85.7454
0.00207,0.08179,87.1543
0.00207,0.08538,88.7546
0.00207,0.08897,90.5497
0.00207,0.09256,92.5434
0.00207,0.09615,94.7394
0.00207,0.09974,97.1413
0.00207,0.10333,99.7531
0.00207,0.10692,102.5788
0.00207,0.11051,105.6222
0.00207,0.11410,108.8875
0.00207,0.11769,112.3787
0.00207,0.12128,116.1002
0.00207,0.12487,120.0562
0.00207,0.12846,124.2511
0.00207,0.13205,128.6893
0.00207,0.13564,133.3754
0.00207,0.13923,138.3140
0.00207,0.14282,143.5098
0.00207,0.14641,148.9676
0.00207,0.15000,154.6923
0.00210,0.01000,90.5458
0.00210,0.01359,88.7532
0.00210,0.01718,87.0901
0.00210,0.02077,85.5589
0.00210,0.02436,84.1622
0.00210,0.02795,82.9025
0.00210,0.03154,81.7825
0.00210,0.03513,80.8049
0.00210,0.03872,79.9723
0.00210,0.04231,79.2875
0.00210,0.04590,78.7534
0.00210,0.04949,78.3727
0.00210,0.05308,78.1485
0.00210,0.05667,78.0837
0.00210,0.06026,78.1813
0.00210,0.06385,78.4444
0.00210,0.06744,78.8761
0.00210,0.07103,79.4796
0.00210,0.07462,80.2581
0.00210,0.07821,81.2151
0.00210,0.08179,82.3537
0.00210,0.08538,83.6776
0.00210,0.08897,85.1900
0.00210,0.09256,86.8947
0.00210,0.09615,88.7952
0.00210,0.09974,90.8952
0.00210,0.10333,93.1985
0.00210,0.10692,95.7089
0.00210,0.11051,98.4303
0.00210,0.11410,101.3666
0.00210,0.11769,104.5219
0.00210,0.12128,107.9003
0.00210,0.12487,111.5060
0.00210,0.12846,115.3433
0.00210,0.13205,119.4165
0.00210,0.13564,123.7300
0.00210,0.13923,128.2884
0.00210,0.14282,133.0963
0.00210,0.14641,138.1583
0.00210,0.15000,143.4793
0.00213,0.01000,90.0986
0.00213,0.01359,88.1382
0.00213,0.01718,86.3034
0.00213,0.02077,84.5966
0.00213,0.02436,83.0202
0.00213,0.02795,81.5767
0.00213,0.03154,80.2687
0.00213,0.03513,79.0988
0.00213,0.03872,78.0697
0.00213,0.04231,77.1839
0.00213,0.04590,76.4444
0.00213,0.04949,75.8538
0.00213,0.05308,75.4150
0.00213,0.05667,75.1309
0.00213,0.06026,75.0045
0.00213,0.06385,75.0387
0.00213,0.06744,75.2366
0.00213,0.07103,75.6013
0.00213,0.07462,76.1360
0.00213,0.07821,76.8439
0.00213,0.08179,77.7283
0.00213,0.08538,78.7925
0.00213,0.08897,80.0399
0.00213,0.09256,81.4741
0.00213,0.09615,83.0985
0.00213,0.09974,84.9167
0.00213,0.10333,86.9325
0.00213,0.10692,89.1494
0.00213,0.11051,91.5714
0.00213,0.11410,94.2024
0.00213,0.11769,97.0462
0.00213,0.12128,100.1068
0.00213,0.12487,103.3885
0.00213,0.12846,106.8952
0.00213,0.13205,110.6314
0.00213,0.13564,114.6013
0.00213,0.13923,118.8094
0.00213,0.14282,123.2601
0.00213,0.14641,127.9580
0.00213,0.15000,132.9078
0.00217,0.01000,89.6543
0.00217,0.01359,87.5288
0.00217,0.01718,85.5257
0.00217,0.02077,83.6475
0.00217,0.02436,81.8965
0.00217,0.02795,80.2751
0.00217,0.03154,78.7860
0.00217,0.03513,77.4315
0.00217,0.03872,76.2143
0.00217,0.04231,75.1370
0.00217,0.04590,74.2023
0.00217,0.04949,73.4130
0.00217,0.05308,72.7717
0.00217,0.05667,72.2814
0.00217,0.06026,71.9449
0.00217,0.06385,71.7651
0.00217,0.06744,71.7451
0.00217,0.07103,71.8878
0.00217,0.07462,72.1963
0.00217,0.07821,72.6739
0.00217,0.08179,73.3237
0.00217,0.08538,74.1490
0.00217,0.08897,75.1531
0.00217,0.09256,76.3394
0.00217,0.09615,77.7114
0.00217,0.09974,79.2726
0.00217,0.10333,81.0266
0.00217,0.10692,82.9769
0.00217,0.11051,85.1275
0.00217,0.11410,87.4820
0.00217,0.11769,90.0442
0.00217,0.12128,92.8182
0.00217,0.12487,95.8080
0.00217,0.12846,99.0176
0.00217,0.13205,102.4512
0.00217,0.13564,106.1130
0.00217,0.13923,110.0073
0.00217,0.14282,114.1386
0.00217,0.14641,118.5114
0.00217,0.15000,123.1302
0.00220,0.01000,89.2148
0.00220,0.01359,86.9276
0.00220,0.01718,84.7607
0.00220,0.02077,82.7164
0.00220,0.02436,80.7971
0.00220,0.02795,79.0052
0.00220,0.03154,77.3431
0.00220,0.03513,75.8133
0.00220,0.03872,74.4184
0.00220,0.04231,73.1609
0.00220,0.04590,72.0434
0.00220,0.04949,71.0687
0.00220,0.05308,70.2394
0.00220,0.05667,69.5583
0.00220,0.06026,69.0283
0.00220,0.06385,68.6522
0.00220,0.06744,68.4329
0.00220,0.07103,68.3734
0.00220,0.07462,68.4768
0.00220,0.07821,68.7462
0.00220,0.08179,69.1846
0.00220,0.08538,69.7954
0.00220,0.08897,70.5817
0.00220,0.09256,71.5469
0.00220,0.09615,72.6945
0.00220,0.09974,74.0277
0.00220,0.10333,75.5503
0.00220,0.10692,77.2657
0.00220,0.11051,79.1776
0.00220,0.11410,81.2897
0.00220,0.11769,83.6058
0.00220,0.12128,86.1298
0.00220,0.12487,88.8657
0.00220,0.12846,91.8173
0.00220,0.13205,94.9889
0.00220,0.13564,98.3845
0.00220,0.13923,102.0085
0.00220,0.14282,105.8651
0.00220,0.14641,109.9587
0.00220,0.15000,114.2939
0.00223,0.01000,88.7818
0.00223,0.01359,86.3372
0.00223,0.01718,84.0118
0.00223,0.02077,81.8080
0.00223,0.02436,79.7279
0.00223,0.02795,77.7740
0.00223,0.03154,75.9488
0.00223,0.03513,74.2546
0.00223,0.03872,72.6939
0.00223,0.04231,71.2692
0.00223,0.04590,69.9833
0.00223,0.04949,68.8386
0.00223,0.05308,67.8379
0.00223,0.05667,66.9839
0.00223,0.06026,66.2794
0.00223,0.06385,65.7273
0.00223,0.06744,65.3303
0.00223,0.07103,65.0914
0.00223,0.07462,65.0137
0.00223,0.07821,65.1002
0.00223,0.08179,65.3539
0.00223,0.08538,65.7781
0.00223,0.08897,66.3759
0.00223,0.09256,67.1506
0.00223,0.09615,68.1057
0.00223,0.09974,69.2444
0.00223,0.10333,70.5703
0.00223,0.10692,72.0868
0.00223,0.11051,73.7976
0.00223,0.11410,75.7064
0.00223,0.11769,77.8169
0.00223,0.12128,80.1329
0.00223,0.12487,82.6582
0.00223,0.12846,85.3968
0.00223,0.13205,88.3529
0.00223,0.13564,91.5303
0.00223,0.13923,94.9335
0.00223,0.14282,98.5665
0.00223,0.14641,102.4338
0.00223,0.15000,106.5398
0.00227,0.01000,88.3571
0.00227,0.01359,85.7603
0.00227,0.01718,83.2828
0.00227,0.02077,80.9268
0.00227,0.02436,78.6946
0.00227,0.02795,76.5887
0.00227,0.03154,74.6114
0.00227,0.03513,72.7650
0.00227,0.03872,71.0522
0.00227,0.04231,69.4753
0.00227,0.04590,68.0370
0.00227,0.04949,66.7398
0.00227,0.05308,65.5864
0.00227,0.05667,64.5796
0.00227,0.06026,63.7221
0.00227,0.06385,63.0166
0.00227,0.06744,62.4661
0.00227,0.07103,62.0734
0.00227,0.07462,61.8415
0.00227,0.07821,61.7734
0.00227,0.08179,61.8722
0.00227,0.08538,62.1411
0.00227,0.08897,62.5832
0.00227,0.09256,63.2017
0.00227,0.09615,64.0001
0.00227,0.09974,64.9816
0.00227,0.10333,66.1496
0.00227,0.10692,67.5078
0.00227,0.11051,69.0596
0.00227,0.11410,70.8087
0.00227,0.11769,72.7587
0.00227,0.12128,74.9135
0.00227,0.12487,77.2770
0.00227,0.12846,79.8529
0.00227,0.13205,82.6454
0.00227,0.13564,85.6584
0.00227,0.13923,88.8962
0.00227,0.14282,92.3629
0.00227,0.14641,96.0629
0.00227,0.15000,100.0005
0.00230,0.01000,87.9425
0.00230,0.01359,85.1994
0.00230,0.01718,82.5769
0.00230,0.02077,80.0773
0.00230,0.02436,77.7029
0.00230,0.02795,75.4559
0.00230,0.03154,73.3389
0.00230,0.03513,71.3542
0.00230,0.03872,69.5043
0.00230,0.04231,67.7916
0.00230,0.04590,66.2188
0.00230,0.04949,64.7884
0.00230,0.05308,63.5031
0.00230,0.05667,62.3656
0.00230,0.06026,61.3786
0.00230,0.06385,60.5450
0.00230,0.06744,59.8675
0.00230,0.07103,59.3491
0.00230,0.07462,58.9927
0.00230,0.07821,58.8013
0.00230,0.08179,58.7781
0.00230,0.08538,58.9260
0.00230,0.08897,59.2484
0.00230,0.09256,59.7484
0.00230,0.09615,60.4293
0.00230,0.09974,61.2945
0.00230,0.10333,62.3475
0.00230,0.10692,63.5916
0.00230,0.11051,65.0306
0.00230,0.11410,66.6679
0.00230,0.11769,68.5072
0.00230,0.12128,70.5525
0.00230,0.12487,72.8073
0.00230,0.12846,75.2758
0.00230,0.13205,77.9618
0.00230,0.13564,80.8693
0.00230,0.13923,84.0027
0.00230,0.14282,87.3659
0.00230,0.14641,90.9634
0.00230,0.15000,94.7996
0.00233,0.01000,87.5396
0.00233,0.01359,84.6570
0.00233,0.01718,81.8976
0.00233,0.02077,79.2638
0.00233,0.02436,76.7579
0.00233,0.02795,74.3822
0.00233,0.03154,72.1391
0.00233,0.03513,70.0311
0.00233,0.03872,68.0606
0.00233,0.04231,66.2302
0.00233,0.04590,64.5424
0.00233,0.04949,62.9998
0.00233,0.05308,61.6051
0.00233,0.05667,60.3609
0.00233,0.06026,59.2702
0.00233,0.06385,58.3356
0.00233,0.06744,57.5600
0.00233,0.07103,56.9463
0.00233,0.07462,56.4976
0.00233,0.07821,56.2168
0.00233,0.08179,56.1069
0.00233,0.08538,56.1712
0.00233,0.08897,56.4128
0.00233,0.09256,56.8350
0.00233,0.09615,57.4411
0.00233,0.09974,58.2344
0.00233,0.10333,59.2184
0.00233,0.10692,60.3966
0.00233,0.11051,61.7725
0.00233,0.11410,63.3499
0.00233,0.11769,65.1323
0.00233,0.12128,67.1236
0.00233,0.12487,69.3276
0.00233,0.12846,71.7482
0.00233,0.13205,74.3895
0.00233,0.13564,77.2554
0.00233,0.13923,80.3501
0.00233,0.14282,83.6779
0.00233,0.14641,87.2431
0.00233,0.15000,91.0500
0.00237,0.01000,87.1502
0.00237,0.01359,84.1354
0.00237,0.01718,81.2480
0.00237,0.02077,78.4903
0.00237,0.02436,75.8647
0.00237,0.02795,73.3735
0.00237,0.03154,71.0192
0.00237,0.03513,68.8041
0.00237,0.03872,66.7309
0.00237,0.04231,64.8021
0.00237,0.04590,63.0202
0.00237,0.04949,61.3880
0.00237,0.05308,59.9081
0.00237,0.05667,58.5832
0.00237,0.06026,57.4161
0.00237,0.06385,56.4098
0.00237,0.06744,55.5670
0.00237,0.07103,54.8907
0.00237,0.07462,54.3840
0.00237,0.07821,54.0499
0.00237,0.08179,53.8914
0.00237,0.08538,53.9118
0.00237,0.08897,54.1143
0.00237,0.09256,54.5022
0.00237,0.09615,55.0788
0.00237,0.09974,55.8475
0.00237,0.10333,56.8119
0.00237,0.10692,57.9754
0.00237,0.11051,59.3416
0.00237,0.11410,60.9143
0.00237,0.11769,62.6971
0.00237,0.12128,64.6939
0.00237,0.12487,66.9086
0.00237,0.12846,69.3451
0.00237,0.13205,72.0074
0.00237,0.13564,74.8997
0.00237,0.13923,78.0261
0.00237,0.14282,81.3910
0.00237,0.14641,84.9986
0.00237,0.15000,88.8534
0.00240,0.01000,86.7758
0.00240,0.01359,83.6370
0.00240,0.01718,80.6312
0.00240,0.02077,77.7608
0.00240,0.02436,75.0282
0.00240,0.02795,72.4357
0.00240,0.03154,69.9859
0.00240,0.03513,67.6812
0.00240,0.03872,65.5243
0.00240,0.04231,63.5177
0.00240,0.04590,61.6641
0.00240,0.04949,59.9662
0.00240,0.05308,58.4267
0.00240,0.05667,57.0484
0.00240,0.06026,55.8342
0.00240,0.06385,54.7870
0.00240,0.06744,53.9097
0.00240,0.07103,53.2054
0.00240,0.07462,52.6770
0.00240,0.07821,52.3278
0.00240,0.08179,52.1608
0.00240,0.08538,52.1794
0.00240,0.08897,52.3868
0.00240,0.09256,52.7863
0.00240,0.09615,53.3814
0.00240,0.09974,54.1755
0.00240,0.10333,55.1722
0.00240,0.10692,56.3750
0.00240,0.11051,57.7877
0.00240,0.11410,59.4140
0.00240,0.11769,61.2578
0.00240,0.12128,63.3227
0.00240,0.12487,65.6130
0.00240,0.12846,68.1324
0.00240,0.13205,70.8853
0.00240,0.13564,73.8756
0.00240,0.13923,77.1078
0.00240,0.14282,80.5861
0.00240,0.14641,84.3150
0.00240,0.15000,88.2990
0.00243,0.01000,86.4179
0.00243,0.01359,83.1640
0.00243,0.01718,80.0502
0.00243,0.02077,77.0790
0.00243,0.02436,74.2528
0.00243,0.02795,71.5741
0.00243,0.03154,69.0455
0.00243,0.03513,66.6696
0.00243,0.03872,64.4490
0.00243,0.04231,62.3864
0.00243,0.04590,60.4845
0.00243,0.04949,58.7461
0.00243,0.05308,57.1740
0.00243,0.05667,55.7711
0.00243,0.06026,54.5403
0.00243,0.06385,53.4847
0.00243,0.06744,52.6071
0.00243,0.07103,51.9108
0.00243,0.07462,51.3989
0.00243,0.07821,51.0746
0.00243,0.08179,50.9411
0.00243,0.08538,51.0017
0.00243,0.08897,51.2599
0.00243,0.09256,51.7191
0.00243,0.09615,52.3827
0.00243,0.09974,53.2544
0.00243,0.10333,54.3377
0.00243,0.10692,55.6364
0.00243,0.11051,57.1543
0.00243,0.11410,58.8951
0.00243,0.11769,60.8628
0.00243,0.12128,63.0613
0.00243,0.12487,65.4948
0.00243,0.12846,68.1673
0.00243,0.13205,71.0830
0.00243,0.13564,74.2463
0.00243,0.13923,77.6615
0.00243,0.14282,81.3330
0.00243,0.14641,85.2654
0.00243,0.15000,89.4632
0.00247,0.01000,86.0781
0.00247,0.01359,82.7184
0.00247,0.01718,79.5075
0.00247,0.02077,76.4481
0.00247,0.02436,73.5426
0.00247,0.02795,70.7936
0.00247,0.03154,68.2038
0.00247,0.03513,65.7759
0.00247,0.03872,63.5126
0.00247,0.04231,61.4166
0.00247,0.04590,59.4909
0.00247,0.04949,57.7382
0.00247,0.05308,56.1616
0.00247,0.05667,54.7640
0.00247,0.06026,53.5484
0.00247,0.06385,52.5179
0.00247,0.06744,51.6757
0.00247,0.07103,51.0250
0.00247,0.07462,50.5689
0.00247,0.07821,50.3110
0.00247,0.08179,50.2544
0.00247,0.08538,50.4026
0.00247,0.08897,50.7592
0.00247,0.09256,51.3277
0.00247,0.09615,52.1117
0.00247,0.09974,53.1150
0.00247,0.10333,54.3411
0.00247,0.10692,55.7941
0.00247,0.11051,57.4777
0.00247,0.11410,59.3959
0.00247,0.11769,61.5529
0.00247,0.12128,63.9526
0.00247,0.12487,66.5992
0.00247,0.12846,69.4971
0.00247,0.13205,72.6506
0.00247,0.13564,76.0640
0.00247,0.13923,79.7420
0.00247,0.14282,83.6890
0.00247,0.14641,87.9098
0.00247,0.15000,92.4092
0.00250,0.01000,85.7577
0.00250,0.01359,82.3021
0.00250,0.01718,79.0058
0.00250,0.02077,75.8714
0.00250,0.02436,72.9014
0.00250,0.02795,70.0987
0.00250,0.03154,67.4659
0.00250,0.03513,65.0060
0.00250,0.03872,62.7216
0.00250,0.04231,60.6158
0.00250,0.04590,58.6916
0.00250,0.04949,56.9518
0.00250,0.05308,55.3996
0.00250,0.05667,54.0380
0.00250,0.06026,52.8703
0.00250,0.06385,51.8997
0.00250,0.06744,51.1294
0.00250,0.07103,50.5628
0.00250,0.07462,50.2032
0.00250,0.07821,50.0542
0.00250,0.08179,50.1192
0.00250,0.08538,50.4019
0.00250,0.08897,50.9057
0.00250,0.09256,51.6346
0.00250,0.09615,52.5921
0.00250,0.09974,53.7823
0.00250,0.10333,55.2089
0.00250,0.10692,56.8759
0.00250,0.11051,58.7875
0.00250,0.11410,60.9477
0.00250,0.11769,63.3607
0.00250,0.12128,66.0308
0.00250,0.12487,68.9623
0.00250,0.12846,72.1597
0.00250,0.13205,75.6275
0.00250,0.13564,79.3703
0.00250,0.13923,83.3927
0.00250,0.14282,87.6996
0.00250,0.14641,92.2957
0.00250,0.15000,97.1861
0.00253,0.01000,85.4580
0.00253,0.01359,81.9171
0.00253,0.01718,78.5475
0.00253,0.02077,75.3517
0.00253,0.02436,72.3327
0.00253,0.02795,69.4933
0.00253,0.03154,66.8364
0.00253,0.03513,64.3650
0.00253,0.03872,62.0820
0.00253,0.04231,59.9905
0.00253,0.04590,58.0936
0.00253,0.04949,56.3945
0.00253,0.05308,54.8964
0.00253,0.05667,53.6025
0.00253,0.06026,52.5161
0.00253,0.06385,51.6407
0.00253,0.06744,50.9797
0.00253,0.07103,50.5366
0.00253,0.07462,50.3149
0.00253,0.07821,50.3183
0.00253,0.08179,50.5504
0.00253,0.08538,51.0150
0.00253,0.08897,51.7159
0.00253,0.09256,52.6570
0.00253,0.09615,53.8423
0.00253,0.09974,55.2757
0.00253,0.10333,56.9613
0.00253,0.10692,58.9033
0.00253,0.11051,61.1061
0.00253,0.11410,63.5737
0.00253,0.11769,66.3107
0.00253,0.12128,69.3216
0.00253,0.12487,72.6108
0.00253,0.12846,76.1830
0.00253,0.13205,80.0429
0.00253,0.13564,84.1953
0.00253,0.13923,88.6452
0.00253,0.14282,93.3974
0.00253,0.14641,98.4571
0.00253,0.15000,103.8293
0.00257,0.01000,85.1803
0.00257,0.01359,81.5650
0.00257,0.01718,78.1345
0.00257,0.02077,74.8917
0.00257,0.02436,71.8395
0.00257,0.02795,68.9811
0.00257,0.03154,66.3193
0.00257,0.03513,63.8575
0.00257,0.03872,61.5986
0.00257,0.04231,59.5460
0.00257,0.04590,57.7030
0.00257,0.04949,56.0728
0.00257,0.05308,54.6589
0.00257,0.05667,53.4646
0.00257,0.06026,52.4936
0.00257,0.06385,51.7493
0.00257,0.06744,51.2355
0.00257,0.07103,50.9557
0.00257,0.07462,50.9138
0.00257,0.07821,51.1135
0.00257,0.08179,51.5588
0.00257,0.08538,52.2535
0.00257,0.08897,53.2017
0.00257,0.09256,54.4076
0.00257,0.09615,55.8751
0.00257,0.09974,57.6087
0.00257,0.10333,59.6125
0.00257,0.10692,61.8910
0.00257,0.11051,64.4486
0.00257,0.11410,67.2898
0.00257,0.11769,70.4194
0.00257,0.12128,73.8419
0.00257,0.12487,77.5621
0.00257,0.12846,81.5849
0.00257,0.13205,85.9154
0.00257,0.13564,90.5584
0.00257,0.13923,95.5191
0.00257,0.14282,100.8029
0.00257,0.14641,106.4149
0.00257,0.15000,112.3606
0.00260,0.01000,84.9257
0.00260,0.01359,81.2473
0.00260,0.01718,77.7689
0.00260,0.02077,74.4936
0.00260,0.02436,71.4245
0.00260,0.02795,68.5649
0.00260,0.03154,65.9180
0.00260,0.03513,63.4871
0.00260,0.03872,61.2755
0.00260,0.04231,59.2868
0.00260,0.04590,57.5243
0.00260,0.04949,55.9916
0.00260,0.05308,54.6923
0.00260,0.05667,53.6300
0.00260,0.06026,52.8085
0.00260,0.06385,52.2316
0.00260,0.06744,51.9030
0.00260,0.07103,51.8267
0.00260,0.07462,52.0066
0.00260,0.07821,52.4468
0.00260,0.08179,53.1515
0.00260,0.08538,54.1246
0.00260,0.08897,55.3707
0.00260,0.09256,56.8938
0.00260,0.09615,58.6985
0.00260,0.09974,60.7892
0.00260,0.10333,63.1705
0.00260,0.10692,65.8469
0.00260,0.11051,68.8232
0.00260,0.11410,72.1043
0.00260,0.11769,75.6948
0.00260,0.12128,79.5999
0.00260,0.12487,83.8246
0.00260,0.12846,88.3739
0.00260,0.13205,93.2532
0.00260,0.13564,98.4677
0.00260,0.13923,104.0229
0.00260,0.14282,109.9242
0.00260,0.14641,116.1773
0.00260,0.15000,122.7878
0.00263,0.01000,84.6953
0.00263,0.01359,80.9654
0.00263,0.01718,77.4524
0.00263,0.02077,74.1594
0.00263,0.02436,71.0900
0.00263,0.02795,68.2474
0.00263,0.03154,65.6352
0.00263,0.03513,63.2568
0.00263,0.03872,61.1159
0.00263,0.04231,59.2160
0.00263,0.04590,57.5610
0.00263,0.04949,56.1545
0.00263,0.05308,55.0003
0.00263,0.05667,54.1024
0.00263,0.06026,53.4647
0.00263,0.06385,53.0912
0.00263,0.06744,52.9859
0.00263,0.07103,53.1531
0.00263,0.07462,53.5970
0.00263,0.07821,54.3218
0.00263,0.08179,55.3318
0.00263,0.08538,56.6316
0.00263,0.08897,58.2257
0.00263,0.09256,60.1186
0.00263,0.09615,62.3149
0.00263,0.09974,64.8195
0.00263,0.10333,67.6371
0.00263,0.10692,70.7727
0.00263,0.11051,74.2312
0.00263,0.11410,78.0177
0.00263,0.11769,82.1374
0.00263,0.12128,86.5956
0.00263,0.12487,91.3975
0.00263,0.12846,96.5486
0.00263,0.13205,102.0545
0.00263,0.13564,107.9207
0.00263,0.13923,114.1531
0.00263,0.14282,120.7573
0.00263,0.14641,127.7394
0.00263,0.15000,135.1054
0.00267,0.01000,84.4900
0.00267,0.01359,80.7206
0.00267,0.01718,77.1864
0.00267,0.02077,73.8909
0.00267,0.02436,70.8378
0.00267,0.02795,68.0306
0.00267,0.03154,65.4730
0.00267,0.03513,63.1688
0.00267,0.03872,61.1219
0.00267,0.04231,59.3361
0.00267,0.04590,57.8153
0.00267,0.04949,56.5636
0.00267,0.05308,55.5850
0.00267,0.05667,54.8836
0.00267,0.06026,54.4637
0.00267,0.06385,54.3296
0.00267,0.06744,54.4855
0.00267,0.07103,54.9360
0.00267,0.07462,55.6854
0.00267,0.07821,56.7384
0.00267,0.08179,58.0996
0.00267,0.08538,59.7737
0.00267,0.08897,61.7655
0.00267,0.09256,64.0799
0.00267,0.09615,66.7218
0.00267,0.09974,69.6963
0.00267,0.10333,73.0084
0.00267,0.10692,76.6635
0.00267,0.11051,80.6668
0.00267,0.11410,85.0237
0.00267,0.11769,89.7397
0.00267,0.12128,94.8204
0.00267,0.12487,100.2714
0.00267,0.12846,106.0985
0.00267,0.13205,112.3075
0.00267,0.13564,118.9045
0.00267,0.13923,125.8956
0.00267,0.14282,133.2868
0.00267,0.14641,141.0845
0.00267,0.15000,149.2950
0.00270,0.01000,84.3107
0.00270,0.01359,80.5139
0.00270,0.01718,76.9723
0.00270,0.02077,73.6895
0.00270,0.02436,70.6694
0.00270,0.02795,67.9160
0.00270,0.03154,65.4331
0.00270,0.03513,63.2248
0.00270,0.03872,61.2951
0.00270,0.04231,59.6482
0.00270,0.04590,58.2884
0.00270,0.04949,57.2198
0.00270,0.05308,56.4468
0.00270,0.05667,55.9739
0.00270,0.06026,55.8055
0.00270,0.06385,55.9462
0.00270,0.06744,56.4007
0.00270,0.07103,57.1735
0.00270,0.07462,58.2696
0.00270,0.07821,59.6937
0.00270,0.08179,61.4509
0.00270,0.08538,63.5461
0.00270,0.08897,65.9845
0.00270,0.09256,68.7713
0.00270,0.09615,71.9116
0.00270,0.09974,75.4110
0.00270,0.10333,79.2748
0.00270,0.10692,83.5086
0.00270,0.11051,88.1181
0.00270,0.11410,93.1089
0.00270,0.11769,98.4869
0.00270,0.12128,104.2581
0.00270,0.12487,110.4284
0.00270,0.12846,117.0040
0.00270,0.13205,123.9912
0.00270,0.13564,131.3962
0.00270,0.13923,139.2255
0.00270,0.14282,147.4858
0.00270,0.14641,156.1836
0.00270,0.15000,165.3258
0.00273,0.01000,84.1582
0.00273,0.01359,80.3463
0.00273,0.01718,76.8110
0.00273,0.02077,73.5562
0.00273,0.02436,70.5861
0.00273,0.02795,67.9047
0.00273,0.03154,65.5164
0.00273,0.03513,63.4254
0.00273,0.03872,61.6360
0.00273,0.04231,60.1527
0.00273,0.04590,58.9801
0.00273,0.04949,58.1226
0.00273,0.05308,57.5849
0.00273,0.05667,57.3717
0.00273,0.06026,57.4879
0.00273,0.06385,57.9382
0.00273,0.06744,58.7277
0.00273,0.07103,59.8613
0.00273,0.07462,61.3442
0.00273,0.07821,63.1815
0.00273,0.08179,65.3785
0.00273,0.08538,67.9406
0.00273,0.08897,70.8733
0.00273,0.09256,74.1820
0.00273,0.09615,77.8724
0.00273,0.09974,81.9502
0.00273,0.10333,86.4212
0.00273,0.10692,91.2913
0.00273,0.11051,96.5666
0.00273,0.11410,102.2531
0.00273,0.11769,108.3571
0.00273,0.12128,114.8848
0.00273,0.12487,121.8427
0.00273,0.12846,129.2373
0.00273,0.13205,137.0752
0.00273,0.13564,145.3632
0.00273,0.13923,154.1082
0.00273,0.14282,163.3170
0.00273,0.14641,172.9970
0.00273,0.15000,183.1551
0.00277,0.01000,84.0331
0.00277,0.01359,80.2186
0.00277,0.01718,76.7035
0.00277,0.02077,73.4920
0.00277,0.02436,70.5885
0.00277,0.02795,67.9974
0.00277,0.03154,65.7233
0.00277,0.03513,63.7707
0.00277,0.03872,62.1444
0.00277,0.04231,60.8489
0.00277,0.04590,59.8893
0.00277,0.04949,59.2703
0.00277,0.05308,58.9968
0.00277,0.05667,59.0740
0.00277,0.06026,59.5069
0.00277,0.06385,60.3008
0.00277,0.06744,61.4609
0.00277,0.07103,62.9926
0.00277,0.07462,64.9013
0.00277,0.07821,67.1925
0.00277,0.08179,69.8720
0.00277,0.08538,72.9454
0.00277,0.08897,76.4184
0.00277,0.09256,80.2971
0.00277,0.09615,84.5874
0.00277,0.09974,89.2955
0.00277,0.10333,94.4274
0.00277,0.10692,99.9895
0.00277,0.11051,105.9883
0.00277,0.11410,112.4301
0.00277,0.11769,119.3216
0.00277,0.12128,126.6696
0.00277,0.12487,134.4809
0.00277,0.12846,142.7623
0.00277,0.13205,151.5211
0.00277,0.13564,160.7643
0.00277,0.13923,170.4992
0.00277,0.14282,180.7333
0.00277,0.14641,191.4742
0.00277,0.15000,202.7294
0.00280,0.01000,83.9359
0.00280,0.01359,80.1314
0.00280,0.01718,76.6503
0.00280,0.02077,73.4973
0.00280,0.02436,70.6770
0.00280,0.02795,68.1941
0.00280,0.03154,66.0536
0.00280,0.03513,64.2603
0.00280,0.03872,62.8192
0.00280,0.04231,61.7353
0.00280,0.04590,61.0138
0.00280,0.04949,60.6599
0.00280,0.05308,60.6788
0.00280,0.05667,61.0761
0.00280,0.06026,61.8570
0.00280,0.06385,63.0273
0.00280,0.06744,64.5924
0.00280,0.07103,66.5582
0.00280,0.07462,68.9304
0.00280,0.07821,71.7149
0.00280,0.08179,74.9178
0.00280,0.08538,78.5451
0.00280,0.08897,82.6031
0.00280,0.09256,87.0979
0.00280,0.09615,92.0361
0.00280,0.09974,97.4241
0.00280,0.10333,103.2685
0.00280,0.10692,109.5760
0.00280,0.11051,116.3534
0.00280,0.11410,123.6077
0.00280,0.11769,131.3459
0.00280,0.12128,139.5751
0.00280,0.12487,148.3027
0.00280,0.12846,157.5359
0.00280,0.13205,167.2824
0.00280,0.13564,177.5498
0.00280,0.13923,188.3457
0.00280,0.14282,199.6782
0.00280,0.14641,211.5552
0.00280,0.15000,223.9850
0.00283,0.01000,83.8673
0.00283,0.01359,80.0852
0.00283,0.01718,76.6520
0.00283,0.02077,73.5724
0.00283,0.02436,70.8517
0.00283,0.02795,68.4947
0.00283,0.03154,66.5067
0.00283,0.03513,64.8929
0.00283,0.03872,63.6587
0.00283,0.04231,62.8093
0.00283,0.04590,62.3503
0.00283,0.04949,62.2873
0.00283,0.05308,62.6259
0.00283,0.05667,63.3719
0.00283,0.06026,64.5310
0.00283,0.06385,66.1091
0.00283,0.06744,68.1124
0.00283,0.07103,70.5468
0.00283,0.07462,73.4186
0.00283,0.07821,76.7341
0.00283,0.08179,80.4997
0.00283,0.08538,84.7218
0.00283,0.08897,89.4070
0.00283,0.09256,94.5621
0.00283,0.09615,100.1939
0.00283,0.09974,106.3093
0.00283,0.10333,112.9152
0.00283,0.10692,120.0189
0.00283,0.11051,127.6276
0.00283,0.11410,135.7486
0.00283,0.11769,144.3895
0.00283,0.12128,153.5578
0.00283,0.12487,163.2614
0.00283,0.12846,173.5080
0.00283,0.13205,184.3057
0.00283,0.13564,195.6625
0.00283,0.13923,207.5868
0.00283,0.14282,220.0869
0.00283,0.14641,233.1713
0.00283,0.15000,246.8487
0.00287,0.01000,83.8274
0.00287,0.01359,80.0803
0.00287,0.01718,76.7086
0.00287,0.02077,73.7174
0.00287,0.02436,71.1122
0.00287,0.02795,68.8984
0.00287,0.03154,67.0814
0.00287,0.03513,65.6668
0.00287,0.03872,64.6604
0.00287,0.04231,64.0678
0.00287,0.04590,63.8949
0.00287,0.04949,64.1476
0.00287,0.05308,64.8319
0.00287,0.05667,65.9540
0.00287,0.06026,67.5200
0.00287,0.06385,69.5363
0.00287,0.06744,72.0092
0.00287,0.07103,74.9453
0.00287,0.07462,78.3511
0.00287,0.07821,82.2333
0.00287,0.08179,86.5988
0.00287,0.08538,91.4544
0.00287,0.08897,96.8071
0.00287,0.09256,102.6642
0.00287,0.09615,109.0328
0.00287,0.09974,115.9203
0.00287,0.10333,123.3341
0.00287,0.10692,131.2820
0.00287,0.11051,139.7714
0.00287,0.11410,148.8104
0.00287,0.11769,158.4068
0.00287,0.12128,168.5688
0.00287,0.12487,179.3045
0.00287,0.12846,190.6224
0.00287,0.13205,202.5309
0.00287,0.13564,215.0386
0.00287,0.13923,228.1543
0.00287,0.14282,241.8869
0.00287,0.14641,256.2454
0.00287,0.15000,271.2392
0.00290,0.01000,83.8167
0.00290,0.01359,80.1169
0.00290,0.01718,76.8202
0.00290,0.02077,73.9320
0.00290,0.02436,71.4580
0.00290,0.02795,69.4041
0.00290,0.03154,67.7760
0.00290,0.03513,66.5797
0.00290,0.03872,65.8212
0.00290,0.04231,65.5067
0.00290,0.04590,65.6424
0.00290,0.04949,66.2345
0.00290,0.05308,67.2895
0.00290,0.05667,68.8138
0.00290,0.06026,70.8141
0.00290,0.06385,73.2971
0.00290,0.06744,76.2696
0.00290,0.07103,79.7384
0.00290,0.07462,83.7106
0.00290,0.07821,88.1934
0.00290,0.08179,93.1938
0.00290,0.08538,98.7194
0.00290,0.08897,104.7775
0.00290,0.09256,111.3757
0.00290,0.09615,118.5217
0.00290,0.09974,126.2233
0.00290,0.10333,134.4884
0.00290,0.10692,143.3252
0.00290,0.11051,152.7418
0.00290,0.11410,162.7465
0.00290,0.11769,173.3477
0.00290,0.12128,184.5541
0.00290,0.12487,196.3744
0.00290,0.12846,208.8174
0.00290,0.13205,221.8922
0.00290,0.13564,235.6078
0.00290,0.13923,249.9737
0.00290,0.14282,264.9991
0.00290,0.14641,280.6938
0.00290,0.15000,297.0675
0.00293,0.01000,83.8352
0.00293,0.01359,80.1951
0.00293,0.01718,76.9866
0.00293,0.02077,74.2156
0.00293,0.02436,71.8881
0.00293,0.02795,70.0103
0.00293,0.03154,68.5884
0.00293,0.03513,67.6286
0.00293,0.03872,67.1375
0.00293,0.04231,67.1214
0.00293,0.04590,67.5870
0.00293,0.04949,68.5411
0.00293,0.05308,69.9903
0.00293,0.05667,71.9416
0.00293,0.06026,74.4020
0.00293,0.06385,77.3787
0.00293,0.06744,80.8787
0.00293,0.07103,84.9096
0.00293,0.07462,89.4786
0.00293,0.07821,94.5934
0.00293,0.08179,100.2616
0.00293,0.08538,106.4911
0.00293,0.08897,113.2897
0.00293,0.09256,120.6654
0.00293,0.09615,128.6265
0.00293,0.09974,137.1812
0.00293,0.10333,146.3380
0.00293,0.10692,156.1053
0.00293,0.11051,166.4918
0.00293,0.11410,177.5064
0.00293,0.11769,189.1580
0.00293,0.12128,201.4558
0.00293,0.12487,214.4089
0.00293,0.12846,228.0267
0.00293,0.13205,242.3189
0.00293,0.13564,257.2950
0.00293,0.13923,272.9649
0.00293,0.14282,289.3387
0.00293,0.14641,306.4264
0.00293,0.15000,324.2385
0.00297,0.01000,83.8830
0.00297,0.01359,80.3148
0.00297,0.01718,77.2076
0.00297,0.02077,74.5676
0.00297,0.02436,72.4014
0.00297,0.02795,70.7153
0.00297,0.03154,69.5161
0.00297,0.03513,68.8103
0.00297,0.03872,68.6048
0.00297,0.04231,68.9065
0.00297,0.04590,69.7224
0.00297,0.04949,71.0596
0.00297,0.05308,72.9252
0.00297,0.05667,75.3266
0.00297,0.06026,78.2713
0.00297,0.06385,81.7667
0.00297,0.06744,85.8205
0.00297,0.07103,90.4405
0.00297,0.07462,95.6346
0.00297,0.07821,101.4107
0.00297,0.08179,107.7770
0.00297,0.08538,114.7418
0.00297,0.08897,122.3134
0.00297,0.09256,130.5003
0.00297,0.09615,139.3111
0.00297,0.09974,148.7547
0.00297,0.10333,158.8399
0.00297,0.10692,169.5758
0.00297,0.11051,180.9715
0.00297,0.11410,193.0365
0.00297,0.11769,205.7801
0.00297,0.12128,219.2120
0.00297,0.12487,233.3419
0.00297,0.12846,248.1798
0.00297,0.13205,263.7358
0.00297,0.13564,280.0202
0.00297,0.13923,297.0432
0.00297,0.14282,314.8156
0.00297,0.14641,333.3480
0.00297,0.15000,352.6514
0.00300,0.01000,83.9602
0.00300,0.01359,80.4758
0.00300,0.01718,77.4825
0.00300,0.02077,74.9870
0.00300,0.02436,72.9962
0.00300,0.02795,71.5170
0.00300,0.03154,70.5562
0.00300,0.03513,70.1210
0.00300,0.03872,70.2186
0.00300,0.04231,70.8562
0.00300,0.04590,72.0414
0.00300,0.04949,73.7815
0.00300,0.05308,76.0842
0.00300,0.05667,78.9573
0.00300,0.06026,82.4086
0.00300,0.06385,86.4460
0.00300,0.06744,91.0778
0.00300,0.07103,96.3120
0.00300,0.07462,102.1570
0.00300,0.07821,108.6213
0.00300,0.08179,115.7134
0.00300,0.08538,123.4421
0.00300,0.08897,131.8163
0.00300,0.09256,140.8449
0.00300,0.09615,150.5370
0.00300,0.09974,160.9020
0.00300,0.10333,171.9491
0.00300,0.10692,183.6881
0.00300,0.11051,196.1285
0.00300,0.11410,209.2802
0.00300,0.11769,223.1533
0.00300,0.12128,237.7579
0.00300,0.12487,253.1042
0.00300,0.12846,269.2029
0.00300,0.13205,286.0645
0.00300,0.13564,303.6998
0.00300,0.13923,322.1199
0.00300,0.14282,341.3359
0.00300,0.14641,361.3591
0.00300,0.15000,382.2010
0.00303,0.01000,84.0666
0.00303,0.01359,80.6776
0.00303,0.01718,77.8106
0.00303,0.02077,75.4727
0.00303,0.02436,73.6710
0.00303,0.02795,72.4128
0.00303,0.03154,71.7054
0.00303,0.03513,71.5564
0.00303,0.03872,71.9734
0.00303,0.04231,72.9640
0.00303,0.04590,74.5361
0.00303,0.04949,76.6976
0.00303,0.05308,79.4566
0.00303,0.05667,82.8212
0.00303,0.06026,86.7997
0.00303,0.06385,91.4005
0.00303,0.06744,96.6322
0.00303,0.07103,102.5034
0.00303,0.07462,109.0229
0.00303,0.07821,116.1996
0.00303,0.08179,124.0427
0.00303,0.08538,132.5613
0.00303,0.08897,141.7647
0.00303,0.09256,151.6625
0.00303,0.09615,162.2642
0.00303,0.09974,173.5796
0.00303,0.10333,185.6186
0.00303,0.10692,198.3914
0.00303,0.11051,211.9080
0.00303,0.11410,226.1790
0.00303,0.11769,241.2148
0.00303,0.12128,257.0262
0.00303,0.12487,273.6241
0.00303,0.12846,291.0194
0.00303,0.13205,309.2234
0.00303,0.13564,328.2475
0.00303,0.13923,348.1032
0.00303,0.14282,368.8024
0.00303,0.14641,390.3569
0.00303,0.15000,412.7788
0.00307,0.01000,84.2021
0.00307,0.01359,80.9200
0.00307,0.01718,78.1912
0.00307,0.02077,76.0232
0.00307,0.02436,74.4236
0.00307,0.02795,73.4000
0.00307,0.03154,72.9603
0.00307,0.03513,73.1122
0.00307,0.03872,73.8637
0.00307,0.04231,75.2231
0.00307,0.04590,77.1986
0.00307,0.04949,79.7984
0.00307,0.05308,83.0311
0.00307,0.05667,86.9053
0.00307,0.06026,91.4297
0.00307,0.06385,96.6131
0.00307,0.06744,102.4647
0.00307,0.07103,108.9934
0.00307,0.07462,116.2086
0.00307,0.07821,124.1196
0.00307,0.08179,132.7359
0.00307,0.08538,142.0674
0.00307,0.08897,152.1237
0.00307,0.09256,162.9150
0.00307,0.09615,174.4512
0.00307,0.09974,186.7426
0.00307,0.10333,199.7998
0.00307,0.10692,213.6333
0.00307,0.11051,228.2539
0.00307,0.11410,243.6724
0.00307,0.11769,259.9000
0.00307,0.12128,276.9480
0.00307,0.12487,294.8277
0.00307,0.12846,313.5508
0.00307,0.13205,333.1291
0.00307,0.13564,353.5745
0.00307,0.13923,374.8992
0.00307,0.14282,397.1155
0.00307,0.14641,420.2361
0.00307,0.15000,444.2736
0.00310,0.01000,84.3664
0.00310,0.01359,81.2022
0.00310,0.01718,78.6232
0.00310,0.02077,76.6372
0.00310,0.02436,75.2520
0.00310,0.02795,74.4759
0.00310,0.03154,74.3168
0.00310,0.03513,74.7833
0.00310,0.03872,75.8836
0.00310,0.04231,77.6263
0.00310,0.04590,80.0200
0.00310,0.04949,83.0736
0.00310,0.05308,86.7959
0.00310,0.05667,91.1960
0.00310,0.06026,96.2831
0.00310,0.06385,102.0665
0.00310,0.06744,108.5556
0.00310,0.07103,115.7600
0.00310,0.07462,123.6895
0.00310,0.07821,132.3539
0.00310,0.08179,141.7632
0.00310,0.08538,151.9277
0.00310,0.08897,162.8575
0.00310,0.09256,174.5633
0.00310,0.09615,187.0556
0.00310,0.09974,200.3453
0.00310,0.10333,214.4432
0.00310,0.10692,229.3606
0.00310,0.11051,245.1087
0.00310,0.11410,261.6989
0.00310,0.11769,279.1430
0.00310,0.12128,297.4527
0.00310,0.12487,316.6400
0.00310,0.12846,336.7172
0.00310,0.13205,357.6965
0.00310,0.13564,379.5906
0.00310,0.13923,402.4122
0.00310,0.14282,426.1742
0.00310,0.14641,450.8899
0.00310,0.15000,476.5726
0.00313,0.01000,84.5591
0.00313,0.01359,81.5237
0.00313,0.01718,79.1055
0.00313,0.02077,77.3128
0.00313,0.02436,76.1538
0.00313,0.02795,75.6370
0.00313,0.03154,75.7711
0.00313,0.03513,76.5647
0.00313,0.03872,78.0266
0.00313,0.04231,80.1658
0.00313,0.04590,82.9915
0.00313,0.04949,86.5127
0.00313,0.05308,90.7388
0.00313,0.05667,95.6794
0.00313,0.06026,101.3441
0.00313,0.06385,107.7425
0.00313,0.06744,114.8847
0.00313,0.07103,122.7807
0.00313,0.07462,131.4407
0.00313,0.07821,140.8750
0.00313,0.08179,151.0941
0.00313,0.08538,162.1087
0.00313,0.08897,173.9296
0.00313,0.09256,186.5679
0.00313,0.09615,200.0345
0.00313,0.09974,214.3409
0.00313,0.10333,229.4986
0.00313,0.10692,245.5191
0.00313,0.11051,262.4143
0.00313,0.11410,280.1963
0.00313,0.11769,298.8771
0.00313,0.12128,318.4693
0.00313,0.12487,338.9853
0.00313,0.12846,360.4379
0.00313,0.13205,382.8401
0.00313,0.13564,406.2050
0.00313,0.13923,430.5460
0.00313,0.14282,455.8766
0.00313,0.14641,482.2107
0.00313,0.15000,509.5622
0.00317,0.01000,84.7799
0.00317,0.01359,81.8836
0.00317,0.01718,79.6369
0.00317,0.02077,78.0482
0.00317,0.02436,77.1263
0.00317,0.02795,76.8802
0.00317,0.03154,77.3187
0.00317,0.03513,78.4510
0.00317,0.03872,80.2863
0.00317,0.04231,82.8341
0.00317,0.04590,86.1037
0.00317,0.04949,90.1049
0.00317,0.05308,94.8474
0.00317,0.05667,100.3412
0.00317,0.06026,106.5963
0.00317,0.06385,113.6229
0.00317,0.06744,121.4315
0.00317,0.07103,130.0326
0.00317,0.07462,139.4367
0.00317,0.07821,149.6548
0.00317,0.08179,160.6978
0.00317,0.08538,172.5768
0.00317,0.08897,185.3033
0.00317,0.09256,198.8886
0.00317,0.09615,213.3445
0.00317,0.09974,228.6827
0.00317,0.10333,244.9152
0.00317,0.10692,262.0543
0.00317,0.11051,280.1124
0.00317,0.11410,299.1018
0.00317,0.11769,319.0355
0.00317,0.12128,339.9263
0.00317,0.12487,361.7874
0.00317,0.12846,384.6321
0.00317,0.13205,408.4740
0.00317,0.13564,433.3267
0.00317,0.13923,459.2043
0.00317,0.14282,486.1209
0.00317,0.14641,514.0909
0.00317,0.15000,543.1289
0.00320,0.01000,85.0281
0.00320,0.01359,82.2811
0.00320,0.01718,80.2158
0.00320,0.02077,78.8415
0.00320,0.02436,78.1670
0.00320,0.02795,78.2018
0.00320,0.03154,78.9552
0.00320,0.03513,80.4367
0.00320,0.03872,82.6560
0.00320,0.04231,85.6228
0.00320,0.04590,89.3472
0.00320,0.04949,93.8391
0.00320,0.05308,99.1088
0.00320,0.05667,105.1667
0.00320,0.06026,112.0232
0.00320,0.06385,119.6891
0.00320,0.06744,128.1752
0.00320,0.07103,137.4924
0.00320,0.07462,147.6520
0.00320,0.07821,158.6651
0.00320,0.08179,170.5433
0.00320,0.08538,183.2982
0.00320,0.08897,196.9416
0.00320,0.09256,211.4855
0.00320,0.09615,226.9421
0.00320,0.09974,243.3236
0.00320,0.10333,260.6427
0.00320,0.10692,278.9121
0.00320,0.11051,298.1445
0.00320,0.11410,318.3533
0.00320,0.11769,339.5515
0.00320,0.12128,361.7528
0.00320,0.12487,384.9708
0.00320,0.12846,409.2194
0.00320,0.13205,434.5127
0.00320,0.13564,460.8652
0.00320,0.13923,488.2912
0.00320,0.14282,516.8057
0.00320,0.14641,546.4236
0.00320,0.15000,577.1600
0.00323,0.01000,85.3033
0.00323,0.01359,82.7151
0.00323,0.01718,80.8410
0.00323,0.02077,79.6905
0.00323,0.02436,79.2730
0.00323,0.02795,79.5982
0.00323,0.03154,80.6759
0.00323,0.03513,82.5160
0.00323,0.03872,85.1286
0.00323,0.04231,88.5239
0.00323,0.04590,92.7123
0.00323,0.04949,97.7042
0.00323,0.05308,103.5102
0.00323,0.05667,110.1413
0.00323,0.06026,117.6084
0.00323,0.06385,125.9225
0.00323,0.06744,135.0950
0.00323,0.07103,145.1372
0.00323,0.07462,156.0609
0.00323,0.07821,167.8778
0.00323,0.08179,180.5997
0.00323,0.08538,194.2390
0.00323,0.08897,208.8078
0.00323,0.09256,224.3186
0.00323,0.09615,240.7841
0.00323,0.09974,258.2172
0.00323,0.10333,276.6308
0.00323,0.10692,296.0383
0.00323,0.11051,316.4531
0.00323,0.11410,337.8887
0.00323,0.11769,360.3591
0.00323,0.12128,383.8782
0.00323,0.12487,408.4604
0.00323,0.12846,434.1201
0.00323,0.13205,460.8720
0.00323,0.13564,488.7310
0.00323,0.13923,517.7123
0.00323,0.14282,547.8312
0.00323,0.14641,579.1033
0.00323,0.15000,611.5445
0.00327,0.01000,85.6048
0.00327,0.01359,83.1846
0.00327,0.01718,81.5108
0.00327,0.02077,80.5930
0.00327,0.02436,80.4413
0.00327,0.02795,81.0656
0.00327,0.03154,82.4761
0.00327,0.03513,84.6832
0.00327,0.03872,87.6973
0.00327,0.04231,91.5291
0.00327,0.04590,96.1893
0.00327,0.04949,101.6888
0.00327,0.05308,108.0387
0.00327,0.05667,115.2504
0.00327,0.06026,123.3350
0.00327,0.06385,132.3043
0.00327,0.06744,142.1700
0.00327,0.07103,152.9438
0.00327,0.07462,164.6380
0.00327,0.07821,177.2648
0.00327,0.08179,190.8365
0.00327,0.08538,205.3658
0.00327,0.08897,220.8654
0.00327,0.09256,237.3484
0.00327,0.09615,254.8279
0.00327,0.09974,273.3172
0.00327,0.10333,292.8300
0.00327,0.10692,313.3799
0.00327,0.11051,334.9809
0.00327,0.11410,357.6472
0.00327,0.11769,381.3932
0.00327,0.12128,406.2334
0.00327,0.12487,432.1827
0.00327,0.12846,459.2561
0.00327,0.13205,487.4688
0.00327,0.13564,516.8364
0.00327,0.13923,547.3746
0.00327,0.14282,579.0992
0.00327,0.14641,612.0266
0.00327,0.15000,646.1732
0.00330,0.01000,85.9319
0.00330,0.01359,83.6885
0.00330,0.01718,82.2234
0.00330,0.02077,81.5467
0.00330,0.02436,81.6688
0.00330,0.02795,82.5999
0.00330,0.03154,84.3508
0.00330,0.03513,86.9322
0.00330,0.03872,90.3548
0.00330,0.04231,94.6298
0.00330,0.04590,99.7683
0.00330,0.04949,105.7817
0.00330,0.05308,112.6814
0.00330,0.05667,120.4791
0.00330,0.06026,129.1867
0.00330,0.06385,138.8161
0.00330,0.06744,149.3796
0.00330,0.07103,160.8894
0.00330,0.07462,173.3581
0.00330,0.07821,186.7984
0.00330,0.08179,201.2232
0.00330,0.08538,216.6455
0.00330,0.08897,233.0787
0.00330,0.09256,250.5361
0.00330,0.09615,269.0314
0.00330,0.09974,288.5786
0.00330,0.10333,309.1915
0.00330,0.10692,330.8846
0.00330,0.11051,353.6722
0.00330,0.11410,377.5691
0.00330,0.11769,402.5902
0.00330,0.12128,428.7506
0.00330,0.12487,456.0656
0.00330,0.12846,484.5509
0.00330,0.13205,514.2222
0.00330,0.13564,545.0956
0.00330,0.13923,577.1874
0.00330,0.14282,610.5142
0.00330,0.14641,645.0927
0.00330,0.15000,680.9401
