2.37137,0.00400,232.5515,232.5515
2.37137,0.00426,232.4888,232.4888
2.37137,0.00453,232.4227,232.4227
2.37137,0.00482,232.3531,232.3531
2.37137,0.00513,232.2798,232.2798
2.37137,0.00545,232.2027,232.2027
2.37137,0.00580,232.1218,232.1218
2.37137,0.00618,232.0368,232.0368
2.37137,0.00657,231.9477,231.9477
2.37137,0.00699,231.8544,231.8544
2.37137,0.00744,231.7568,231.7568
2.37137,0.00791,231.6549,231.6549
2.37137,0.00842,231.5487,231.5487
2.37137,0.00896,231.4381,231.4381
2.37137,0.00953,231.3233,231.3233
2.37137,0.01014,231.2043,231.2043
2.37137,0.01079,231.0812,231.0812
2.37137,0.01148,230.9544,230.9544
2.37137,0.01222,230.8242,230.8242
2.37137,0.01300,230.6908,230.6908
2.37137,0.01383,230.5549,230.5549
2.37137,0.01472,230.4171,230.4171
2.37137,0.01566,230.2782,230.2782
2.37137,0.01666,230.1391,230.1391
2.37137,0.01773,230.0010,230.0010
2.37137,0.01886,229.8654,229.8654
2.37137,0.02007,229.7340,229.7340
2.37137,0.02136,229.6086,229.6086
2.37137,0.02272,229.4918,229.4918
2.37137,0.02418,229.3864,229.3864
2.37137,0.02572,229.2955,229.2955
2.37137,0.02737,229.2232,229.2232
2.37137,0.02912,229.1740,229.1740
2.37137,0.03099,229.1531,229.1531
2.37137,0.03297,229.1667,229.1667
2.37137,0.03508,229.2221,229.2221
2.37137,0.03733,229.3276,229.3276
2.37137,0.03972,229.4930,229.4930
2.37137,0.04226,229.7294,229.7294
2.37137,0.04496,230.0501,230.0501
2.37137,0.04784,230.4701,230.4701
2.37137,0.05090,231.0071,231.0071
2.37137,0.05416,231.6813,231.6813
2.37137,0.05763,232.5164,232.5164
2.37137,0.06131,233.5395,233.5395
2.37137,0.06524,234.7823,234.7823
2.37137,0.06941,236.2813,236.2813
2.37137,0.07386,238.0789,238.0789
2.37137,0.07858,240.2239,240.2239
2.37137,0.08361,242.7734,242.7734
2.37137,0.08896,245.7931,245.7931
2.37137,0.09466,249.3595,249.3595
2.37137,0.10072,253.5614,253.5614
2.37137,0.10716,258.5020,258.5020
2.37137,0.11402,264.3014,264.3014
2.37137,0.12132,271.0993,271.0993
2.37137,0.12909,279.0589,279.0589
2.37137,0.13735,288.3707,288.3707
2.37137,0.14614,299.2573,299.2573
2.37137,0.15549,311.9797,311.9797
2.37137,0.16544,326.8443,326.8443
2.37137,0.17603,344.2111,344.2111
2.37137,0.18730,364.5048,364.5048
2.37137,0.19929,388.2269,388.2269
2.37137,0.21204,415.9714,415.9714
2.37137,0.22561,448.4437,448.4437
2.37137,0.24005,486.4847,486.4847
2.37137,0.25542,531.0989,531.0989
2.37137,0.27177,583.4917,583.4917
2.37137,0.28916,645.1148,645.1148
2.37137,0.30767,717.7241,717.7241
2.37137,0.32736,803.4532,803.4532
2.37137,0.34831,904.9080,904.9080
2.37137,0.37060,1025.2895,1025.2895
2.37137,0.39432,1168.5532,1168.5532
2.37137,0.41956,1339.6208,1339.6208
2.37137,0.44642,1544.6618,1544.6618
2.37137,0.47499,1791.4745,1791.4745
2.37137,0.50539,2090.0078,2090.0078
2.37137,0.53774,2453.0866,2453.0866
2.37137,0.57215,2897.4383,2897.4383
2.37137,0.60877,3445.1738,3445.1738
2.37137,0.64774,4125.9714,4125.9714
2.37137,0.68919,4980.3844,4980.3844
2.37137,0.73330,6065.0060,6065.0060
2.37137,0.78024,7460.8421,7460.8421
2.37137,0.83018,9287.5314,9287.5314
2.37137,0.88331,11728.9815,11728.9815
2.37137,0.93985,15083.4692,15083.4692
2.37137,1.00000,19873.5283,19873.5283
2.41994,0.00400,232.8611,232.8611
2.41994,0.00426,232.8180,232.8180
2.41994,0.00453,232.7728,232.7728
2.41994,0.00482,232.7254,232.7254
2.41994,0.00513,232.6756,232.6756
2.41994,0.00545,232.6236,232.6236
2.41994,0.00580,232.5693,232.5693
2.41994,0.00618,232.5125,232.5125
2.41994,0.00657,232.4534,232.4534
2.41994,0.00699,232.3920,232.3920
2.41994,0.00744,232.3283,232.3283
2.41994,0.00791,232.2623,232.2623
2.41994,0.00842,232.1942,232.1942
2.41994,0.00896,232.1242,232.1242
2.41994,0.00953,232.0523,232.0523
2.41994,0.01014,231.9789,231.9789
2.41994,0.01079,231.9043,231.9043
2.41994,0.01148,231.8288,231.8288
2.41994,0.01222,231.7530,231.7530
2.41994,0.01300,231.6773,231.6773
2.41994,0.01383,231.6026,231.6026
2.41994,0.01472,231.5296,231.5296
2.41994,0.01566,231.4593,231.4593
2.41994,0.01666,231.3930,231.3930
2.41994,0.01773,231.3319,231.3319
2.41994,0.01886,231.2778,231.2778
2.41994,0.02007,231.2325,231.2325
2.41994,0.02136,231.1983,231.1983
2.41994,0.02272,231.1779,231.1779
2.41994,0.02418,231.1742,231.1742
2.41994,0.02572,231.1908,231.1908
2.41994,0.02737,231.2319,231.2319
2.41994,0.02912,231.3023,231.3023
2.41994,0.03099,231.4074,231.4074
2.41994,0.03297,231.5537,231.5537
2.41994,0.03508,231.7487,231.7487
2.41994,0.03733,232.0010,232.0010
2.41994,0.03972,232.3204,232.3204
2.41994,0.04226,232.7184,232.7184
2.41994,0.04496,233.2084,233.2084
2.41994,0.04784,233.8055,233.8055
2.41994,0.05090,234.5273,234.5273
2.41994,0.05416,235.3944,235.3944
2.41994,0.05763,236.4300,236.4300
2.41994,0.06131,237.6614,237.6614
2.41994,0.06524,239.1199,239.1199
2.41994,0.06941,240.8415,240.8415
2.41994,0.07386,242.8682,242.8682
2.41994,0.07858,245.2481,245.2481
2.41994,0.08361,248.0373,248.0373
2.41994,0.08896,251.3002,251.3002
2.41994,0.09466,255.1120,255.1120
2.41994,0.10072,259.5594,259.5594
2.41994,0.10716,264.7433,264.7433
2.41994,0.11402,270.7810,270.7810
2.41994,0.12132,277.8086,277.8086
2.41994,0.12909,285.9851,285.9851
2.41994,0.13735,295.4957,295.4957
2.41994,0.14614,306.5570,306.5570
2.41994,0.15549,319.4224,319.4224
2.41994,0.16544,334.3893,334.3893
2.41994,0.17603,351.8069,351.8069
2.41994,0.18730,372.0867,372.0867
2.41994,0.19929,395.7148,395.7148
2.41994,0.21204,423.2664,423.2664
2.41994,0.22561,455.4245,455.4245
2.41994,0.24005,493.0025,493.0025
2.41994,0.25542,536.9724,536.9724
2.41994,0.27177,588.5002,588.5002
2.41994,0.28916,648.9896,648.9896
2.41994,0.30767,720.1384,720.1384
2.41994,0.32736,804.0096,804.0096
2.41994,0.34831,903.1228,903.1228
2.41994,0.37060,1020.5728,1020.5728
2.41994,0.39432,1160.1849,1160.1849
2.41994,0.41956,1326.7188,1326.7188
2.41994,0.44642,1526.1428,1526.1428
2.41994,0.47499,1766.0027,1766.0027
2.41994,0.50539,2055.9285,2055.9285
2.41994,0.53774,2408.3392,2408.3392
2.41994,0.57215,2839.4413,2839.4413
2.41994,0.60877,3370.6688,3370.6688
2.41994,0.64774,4030.8118,4030.8118
2.41994,0.68919,4859.2414,4859.2414
2.41994,0.73330,5910.9535,5910.9535
2.41994,0.78024,7264.7591,7264.7591
2.41994,0.83018,9037.2224,9037.2224
2.41994,0.88331,11407.8605,11407.8605
2.41994,0.93985,14668.5944,14668.5944
2.41994,1.00000,19332.9508,19332.9508
2.46950,0.00400,233.4945,233.4945
2.46950,0.00426,233.4918,233.4918
2.46950,0.00453,233.4895,233.4895
2.46950,0.00482,233.4878,233.4878
2.46950,0.00513,233.4866,233.4866
2.46950,0.00545,233.4862,233.4862
2.46950,0.00580,233.4868,233.4868
2.46950,0.00618,233.4884,233.4884
2.46950,0.00657,233.4914,233.4914
2.46950,0.00699,233.4960,233.4960
2.46950,0.00744,233.5024,233.5024
2.46950,0.00791,233.5111,233.5111
2.46950,0.00842,233.5223,233.5223
2.46950,0.00896,233.5365,233.5365
2.46950,0.00953,233.5543,233.5543
2.46950,0.01014,233.5761,233.5761
2.46950,0.01079,233.6027,233.6027
2.46950,0.01148,233.6347,233.6347
2.46950,0.01222,233.6731,233.6731
2.46950,0.01300,233.7189,233.7189
2.46950,0.01383,233.7731,233.7731
2.46950,0.01472,233.8372,233.8372
2.46950,0.01566,233.9124,233.9124
2.46950,0.01666,234.0006,234.0006
2.46950,0.01773,234.1036,234.1036
2.46950,0.01886,234.2237,234.2237
2.46950,0.02007,234.3633,234.3633
2.46950,0.02136,234.5254,234.5254
2.46950,0.02272,234.7132,234.7132
2.46950,0.02418,234.9305,234.9305
2.46950,0.02572,235.1815,235.1815
2.46950,0.02737,235.4712,235.4712
2.46950,0.02912,235.8051,235.8051
2.46950,0.03099,236.1896,236.1896
2.46950,0.03297,236.6319,236.6319
2.46950,0.03508,237.1405,237.1405
2.46950,0.03733,237.7249,237.7249
2.46950,0.03972,238.3958,238.3958
2.46950,0.04226,239.1659,239.1659
2.46950,0.04496,240.0493,240.0493
2.46950,0.04784,241.0624,241.0624
2.46950,0.05090,242.2239,242.2239
2.46950,0.05416,243.5551,243.5551
2.46950,0.05763,245.0808,245.0808
2.46950,0.06131,246.8289,246.8289
2.46950,0.06524,248.8320,248.8320
2.46950,0.06941,251.1272,251.1272
2.46950,0.07386,253.7572,253.7572
2.46950,0.07858,256.7712,256.7712
2.46950,0.08361,260.2259,260.2259
2.46950,0.08896,264.1866,264.1866
2.46950,0.09466,268.7288,268.7288
2.46950,0.10072,273.9395,273.9395
2.46950,0.10716,279.9196,279.9196
2.46950,0.11402,286.7859,286.7859
2.46950,0.12132,294.6739,294.6739
2.46950,0.12909,303.7410,303.7410
2.46950,0.13735,314.1706,314.1706
2.46950,0.14614,326.1762,326.1762
2.46950,0.15549,340.0075,340.0075
2.46950,0.16544,355.9567,355.9567
2.46950,0.17603,374.3666,374.3666
2.46950,0.18730,395.6403,395.6403
2.46950,0.19929,420.2530,420.2530
2.46950,0.21204,448.7667,448.7667
2.46950,0.22561,481.8475,481.8475
2.46950,0.24005,520.2881,520.2881
2.46950,0.25542,565.0346,565.0346
2.46950,0.27177,617.2206,617.2206
2.46950,0.28916,678.2100,678.2100
2.46950,0.30767,749.6510,749.6510
2.46950,0.32736,833.5451,833.5451
2.46950,0.34831,932.3351,932.3351
2.46950,0.37060,1049.0206,1049.0206
2.46950,0.39432,1187.3069,1187.3069
2.46950,0.41956,1351.8039,1351.8039
2.46950,0.44642,1548.2898,1548.2898
2.46950,0.47499,1784.0701,1784.0701
2.46950,0.50539,2068.4672,2068.4672
2.46950,0.53774,2413.5051,2413.5051
2.46950,0.57215,2834.8770,2834.8770
2.46950,0.60877,3353.3456,3353.3456
2.46950,0.64774,3996.8123,3996.8123
2.46950,0.68919,4803.4578,4803.4578
2.46950,0.73330,5826.6629,5826.6629
2.46950,0.78024,7143.0160,7143.0160
2.46950,0.83018,8865.9829,8865.9829
2.46950,0.88331,11170.7338,11170.7338
2.46950,0.93985,14343.2148,14343.2148
2.46950,1.00000,18889.9278,18889.9278
2.52008,0.00400,234.2258,234.2258
2.52008,0.00426,234.2698,234.2698
2.52008,0.00453,234.3172,234.3172
2.52008,0.00482,234.3682,234.3682
2.52008,0.00513,234.4233,234.4233
2.52008,0.00545,234.4826,234.4826
2.52008,0.00580,234.5467,234.5467
2.52008,0.00618,234.6160,234.6160
2.52008,0.00657,234.6908,234.6908
2.52008,0.00699,234.7719,234.7719
2.52008,0.00744,234.8596,234.8596
2.52008,0.00791,234.9546,234.9546
2.52008,0.00842,235.0578,235.0578
2.52008,0.00896,235.1697,235.1697
2.52008,0.00953,235.2914,235.2914
2.52008,0.01014,235.4237,235.4237
2.52008,0.01079,235.5677,235.5677
2.52008,0.01148,235.7246,235.7246
2.52008,0.01222,235.8957,235.8957
2.52008,0.01300,236.0826,236.0826
2.52008,0.01383,236.2868,236.2868
2.52008,0.01472,236.5102,236.5102
2.52008,0.01566,236.7548,236.7548
2.52008,0.01666,237.0229,237.0229
2.52008,0.01773,237.3172,237.3172
2.52008,0.01886,237.6404,237.6404
2.52008,0.02007,237.9959,237.9959
2.52008,0.02136,238.3873,238.3873
2.52008,0.02272,238.8186,238.8186
2.52008,0.02418,239.2945,239.2945
2.52008,0.02572,239.8201,239.8201
2.52008,0.02737,240.4013,240.4013
2.52008,0.02912,241.0446,241.0446
2.52008,0.03099,241.7574,241.7574
2.52008,0.03297,242.5482,242.5482
2.52008,0.03508,243.4265,243.4265
2.52008,0.03733,244.4029,244.4029
2.52008,0.03972,245.4896,245.4896
2.52008,0.04226,246.7003,246.7003
2.52008,0.04496,248.0508,248.0508
2.52008,0.04784,249.5587,249.5587
2.52008,0.05090,251.2442,251.2442
2.52008,0.05416,253.1303,253.1303
2.52008,0.05763,255.2431,255.2431
2.52008,0.06131,257.6123,257.6123
2.52008,0.06524,260.2719,260.2719
2.52008,0.06941,263.2609,263.2609
2.52008,0.07386,266.6235,266.6235
2.52008,0.07858,270.4106,270.4106
2.52008,0.08361,274.6806,274.6806
2.52008,0.08896,279.5003,279.5003
2.52008,0.09466,284.9465,284.9465
2.52008,0.10072,291.1078,291.1078
2.52008,0.10716,298.0863,298.0863
2.52008,0.11402,305.9996,305.9996
2.52008,0.12132,314.9839,314.9839
2.52008,0.12909,325.1971,325.1971
2.52008,0.13735,336.8221,336.8221
2.52008,0.14614,350.0717,350.0717
2.52008,0.15549,365.1941,365.1941
2.52008,0.16544,382.4788,382.4788
2.52008,0.17603,402.2648,402.2648
2.52008,0.18730,424.9500,424.9500
2.52008,0.19929,451.0025,451.0025
2.52008,0.21204,480.9745,480.9745
2.52008,0.22561,515.5200,515.5200
2.52008,0.24005,555.4155,555.4155
2.52008,0.25542,601.5865,601.5865
2.52008,0.27177,655.1404,655.1404
2.52008,0.28916,717.4080,717.4080
2.52008,0.30767,789.9952,789.9952
2.52008,0.32736,874.8500,874.8500
2.52008,0.34831,974.3479,974.3479
2.52008,0.37060,1091.4020,1091.4020
2.52008,0.39432,1229.6086,1229.6086
2.52008,0.41956,1393.4376,1393.4376
2.52008,0.44642,1588.4880,1588.4880
2.52008,0.47499,1821.8335,1821.8335
2.52008,0.50539,2102.4955,2102.4955
2.52008,0.53774,2442.1030,2442.1030
2.52008,0.57215,2855.8266,2855.8266
2.52008,0.60877,3363.7283,3363.7283
2.52008,0.64774,3992.7578,3992.7578
2.52008,0.68919,4779.7812,4779.7812
2.52008,0.73330,5776.3265,5776.3265
2.52008,0.78024,7056.3059,7056.3059
2.52008,0.83018,8729.1987,8729.1987
2.52008,0.88331,10963.9933,10963.9933
2.52008,0.93985,14036.5183,14036.5183
2.52008,1.00000,18435.3741,18435.3741
2.57169,0.00400,234.7468,234.7468
2.57169,0.00426,234.8240,234.8240
2.57169,0.00453,234.9067,234.9067
2.57169,0.00482,234.9953,234.9953
2.57169,0.00513,235.0903,235.0903
2.57169,0.00545,235.1922,235.1922
2.57169,0.00580,235.3014,235.3014
2.57169,0.00618,235.4187,235.4187
2.57169,0.00657,235.5447,235.5447
2.57169,0.00699,235.6801,235.6801
2.57169,0.00744,235.8256,235.8256
2.57169,0.00791,235.9820,235.9820
2.57169,0.00842,236.1505,236.1505
2.57169,0.00896,236.3318,236.3318
2.57169,0.00953,236.5273,236.5273
2.57169,0.01014,236.7380,236.7380
2.57169,0.01079,236.9654,236.9654
2.57169,0.01148,237.2109,237.2109
2.57169,0.01222,237.4762,237.4762
2.57169,0.01300,237.7631,237.7631
2.57169,0.01383,238.0736,238.0736
2.57169,0.01472,238.4099,238.4099
2.57169,0.01566,238.7745,238.7745
2.57169,0.01666,239.1701,239.1701
2.57169,0.01773,239.5997,239.5997
2.57169,0.01886,240.0667,240.0667
2.57169,0.02007,240.5747,240.5747
2.57169,0.02136,241.1281,241.1281
2.57169,0.02272,241.7314,241.7314
2.57169,0.02418,242.3897,242.3897
2.57169,0.02572,243.1090,243.1090
2.57169,0.02737,243.8955,243.8955
2.57169,0.02912,244.7567,244.7567
2.57169,0.03099,245.7006,245.7006
2.57169,0.03297,246.7363,246.7363
2.57169,0.03508,247.8740,247.8740
2.57169,0.03733,249.1254,249.1254
2.57169,0.03972,250.5032,250.5032
2.57169,0.04226,252.0223,252.0223
2.57169,0.04496,253.6990,253.6990
2.57169,0.04784,255.5520,255.5520
2.57169,0.05090,257.6024,257.6024
2.57169,0.05416,259.8741,259.8741
2.57169,0.05763,262.3940,262.3940
2.57169,0.06131,265.1930,265.1930
2.57169,0.06524,268.3060,268.3060
2.57169,0.06941,271.7726,271.7726
2.57169,0.07386,275.6382,275.6382
2.57169,0.07858,279.9544,279.9544
2.57169,0.08361,284.7802,284.7802
2.57169,0.08896,290.1831,290.1831
2.57169,0.09466,296.2406,296.2406
2.57169,0.10072,303.0414,303.0414
2.57169,0.10716,310.6876,310.6876
2.57169,0.11402,319.2968,319.2968
2.57169,0.12132,329.0046,329.0046
2.57169,0.12909,339.9676,339.9676
2.57169,0.13735,352.3674,352.3674
2.57169,0.14614,366.4144,366.4144
2.57169,0.15549,382.3535,382.3535
2.57169,0.16544,400.4702,400.4702
2.57169,0.17603,421.0978,421.0978
2.57169,0.18730,444.6269,444.6269
2.57169,0.19929,471.5165,471.5165
2.57169,0.21204,502.3072,502.3072
2.57169,0.22561,537.6381,537.6381
2.57169,0.24005,578.2671,578.2671
2.57169,0.25542,625.0964,625.0964
2.57169,0.27177,679.2042,679.2042
2.57169,0.28916,741.8842,741.8842
2.57169,0.30767,814.6962,814.6962
2.57169,0.32736,899.5302,899.5302
2.57169,0.34831,998.6880,998.6880
2.57169,0.37060,1114.9901,1114.9901
2.57169,0.39432,1251.9145,1251.9145
2.57169,0.41956,1413.7802,1413.7802
2.57169,0.44642,1605.9921,1605.9921
2.57169,0.47499,1835.3720,1835.3720
2.57169,0.50539,2110.6127,2110.6127
2.57169,0.53774,2442.9092,2442.9092
2.57169,0.57215,2846.8530,2846.8530
2.57169,0.60877,3341.7233,3341.7233
2.57169,0.64774,3953.3948,3953.3948
2.57169,0.68919,4717.2313,4717.2313
2.57169,0.73330,5682.6177,5682.6177
2.57169,0.78024,6920.3324,6920.3324
2.57169,0.83018,8535.1415,8535.1415
2.57169,0.88331,10688.7133,10688.7133
2.57169,0.93985,13645.1516,13645.1516
2.57169,1.00000,17874.2550,17874.2550
2.62436,0.00400,234.7817,234.7817
2.62436,0.00426,234.8610,234.8610
2.62436,0.00453,234.9458,234.9458
2.62436,0.00482,235.0368,235.0368
2.62436,0.00513,235.1342,235.1342
2.62436,0.00545,235.2386,235.2386
2.62436,0.00580,235.3506,235.3506
2.62436,0.00618,235.4707,235.4707
2.62436,0.00657,235.5996,235.5996
2.62436,0.00699,235.7380,235.7380
2.62436,0.00744,235.8867,235.8867
2.62436,0.00791,236.0466,236.0466
2.62436,0.00842,236.2185,236.2185
2.62436,0.00896,236.4036,236.4036
2.62436,0.00953,236.6028,236.6028
2.62436,0.01014,236.8174,236.8174
2.62436,0.01079,237.0489,237.0489
2.62436,0.01148,237.2986,237.2986
2.62436,0.01222,237.5682,237.5682
2.62436,0.01300,237.8594,237.8594
2.62436,0.01383,238.1744,238.1744
2.62436,0.01472,238.5152,238.5152
2.62436,0.01566,238.8844,238.8844
2.62436,0.01666,239.2845,239.2845
2.62436,0.01773,239.7186,239.7186
2.62436,0.01886,240.1900,240.1900
2.62436,0.02007,240.7024,240.7024
2.62436,0.02136,241.2598,241.2598
2.62436,0.02272,241.8668,241.8668
2.62436,0.02418,242.5285,242.5285
2.62436,0.02572,243.2506,243.2506
2.62436,0.02737,244.0394,244.0394
2.62436,0.02912,244.9019,244.9019
2.62436,0.03099,245.8462,245.8462
2.62436,0.03297,246.8812,246.8812
2.62436,0.03508,248.0168,248.0168
2.62436,0.03733,249.2642,249.2642
2.62436,0.03972,250.6361,250.6361
2.62436,0.04226,252.1468,252.1468
2.62436,0.04496,253.8123,253.8123
2.62436,0.04784,255.6506,255.6506
2.62436,0.05090,257.6824,257.6824
2.62436,0.05416,259.9307,259.9307
2.62436,0.05763,262.4218,262.4218
2.62436,0.06131,265.1855,265.1855
2.62436,0.06524,268.2557,268.2557
2.62436,0.06941,271.6707,271.6707
2.62436,0.07386,275.4745,275.4745
2.62436,0.07858,279.7170,279.7170
2.62436,0.08361,284.4553,284.4553
2.62436,0.08896,289.7545,289.7545
2.62436,0.09466,295.6895,295.6895
2.62436,0.10072,302.3460,302.3460
2.62436,0.10716,309.8224,309.8224
2.62436,0.11402,318.2322,318.2322
2.62436,0.12132,327.7061,327.7061
2.62436,0.12909,338.3951,338.3951
2.62436,0.13735,350.4741,350.4741
2.62436,0.14614,364.1456,364.1456
2.62436,0.15549,379.6455,379.6455
2.62436,0.16544,397.2483,397.2483
2.62436,0.17603,417.2747,417.2747
2.62436,0.18730,440.1003,440.1003
2.62436,0.19929,466.1660,466.1660
2.62436,0.21204,495.9914,495.9914
2.62436,0.22561,530.1901,530.1901
2.62436,0.24005,569.4898,569.4898
2.62436,0.25542,614.7561,614.7561
2.62436,0.27177,667.0234,667.0234
2.62436,0.28916,727.5322,727.5322
2.62436,0.30767,797.7775,797.7775
2.62436,0.32736,879.5699,879.5699
2.62436,0.34831,975.1138,975.1138
2.62436,0.37060,1087.1089,1087.1089
2.62436,0.39432,1218.8825,1218.8825
2.62436,0.41956,1374.5643,1374.5643
2.62436,0.44642,1559.3190,1559.3190
2.62436,0.47499,1779.6618,1779.6618
2.62436,0.50539,2043.8880,2043.8880
2.62436,0.53774,2362.6728,2362.6728
2.62436,0.57215,2749.9175,2749.9175
2.62436,0.60877,3223.9706,3223.9706
2.62436,0.64774,3809.4280,3809.4280
2.62436,0.68919,4539.8583,4539.8583
2.62436,0.73330,5462.0576,5462.0576
2.62436,0.78024,6642.9500,6642.9500
2.62436,0.83018,8181.3191,8181.3191
2.62436,0.88331,10229.0279,10229.0279
2.62436,0.93985,13032.8225,13032.8225
2.62436,1.00000,17027.9287,17027.9287
2.67811,0.00400,234.3033,234.3033
2.67811,0.00426,234.3518,234.3518
2.67811,0.00453,234.4039,234.4039
2.67811,0.00482,234.4598,234.4598
2.67811,0.00513,234.5200,234.5200
2.67811,0.00545,234.5847,234.5847
2.67811,0.00580,234.6544,234.6544
2.67811,0.00618,234.7295,234.7295
2.67811,0.00657,234.8105,234.8105
2.67811,0.00699,234.8978,234.8978
2.67811,0.00744,234.9921,234.9921
2.67811,0.00791,235.0939,235.0939
2.67811,0.00842,235.2040,235.2040
2.67811,0.00896,235.3231,235.3231
2.67811,0.00953,235.4520,235.4520
2.67811,0.01014,235.5918,235.5918
2.67811,0.01079,235.7433,235.7433
2.67811,0.01148,235.9078,235.9078
2.67811,0.01222,236.0866,236.0866
2.67811,0.01300,236.2809,236.2809
2.67811,0.01383,236.4925,236.4925
2.67811,0.01472,236.7230,236.7230
2.67811,0.01566,236.9744,236.9744
2.67811,0.01666,237.2488,237.2488
2.67811,0.01773,237.5487,237.5487
2.67811,0.01886,237.8767,237.8767
2.67811,0.02007,238.2360,238.2360
2.67811,0.02136,238.6298,238.6298
2.67811,0.02272,239.0620,239.0620
2.67811,0.02418,239.5368,239.5368
2.67811,0.02572,240.0590,240.0590
2.67811,0.02737,240.6340,240.6340
2.67811,0.02912,241.2678,241.2678
2.67811,0.03099,241.9673,241.9673
2.67811,0.03297,242.7400,242.7400
2.67811,0.03508,243.5947,243.5947
2.67811,0.03733,244.5410,244.5410
2.67811,0.03972,245.5902,245.5902
2.67811,0.04226,246.7546,246.7546
2.67811,0.04496,248.0484,248.0484
2.67811,0.04784,249.4876,249.4876
2.67811,0.05090,251.0905,251.0905
2.67811,0.05416,252.8778,252.8778
2.67811,0.05763,254.8728,254.8728
2.67811,0.06131,257.1025,257.1025
2.67811,0.06524,259.5973,259.5973
2.67811,0.06941,262.3920,262.3920
2.67811,0.07386,265.5263,265.5263
2.67811,0.07858,269.0456,269.0456
2.67811,0.08361,273.0021,273.0021
2.67811,0.08896,277.4554,277.4554
2.67811,0.09466,282.4739,282.4739
2.67811,0.10072,288.1365,288.1365
2.67811,0.10716,294.5337,294.5337
2.67811,0.11402,301.7702,301.7702
2.67811,0.12132,309.9668,309.9668
2.67811,0.12909,319.2634,319.2634
2.67811,0.13735,329.8219,329.8219
2.67811,0.14614,341.8308,341.8308
2.67811,0.15549,355.5093,355.5093
2.67811,0.16544,371.1132,371.1132
2.67811,0.17603,388.9416,388.9416
2.67811,0.18730,409.3453,409.3453
2.67811,0.19929,432.7366,432.7366
2.67811,0.21204,459.6018,459.6018
2.67811,0.22561,490.5156,490.5156
2.67811,0.24005,526.1605,526.1605
2.67811,0.25542,567.3487,567.3487
2.67811,0.27177,615.0515,615.0515
2.67811,0.28916,670.4346,670.4346
2.67811,0.30767,734.9034,734.9034
2.67811,0.32736,810.1609,810.1609
2.67811,0.34831,898.2812,898.2812
2.67811,0.37060,1001.8050,1001.8050
2.67811,0.39432,1123.8644,1123.8644
2.67811,0.41956,1268.3468,1268.3468
2.67811,0.44642,1440.1140,1440.1140
2.67811,0.47499,1645.2973,1645.2973
2.67811,0.50539,1891.7013,1891.7013
2.67811,0.53774,2189.3641,2189.3641
2.67811,0.57215,2551.3481,2551.3481
2.67811,0.60877,2994.8778,2994.8778
2.67811,0.64774,3543.0122,3543.0122
2.67811,0.68919,4227.1686,4227.1686
2.67811,0.73330,5091.0442,5091.0442
2.67811,0.78024,6196.9398,6196.9398
2.67811,0.83018,7636.4256,7636.4256
2.67811,0.88331,9549.4217,9549.4217
2.67811,0.93985,12161.1786,12161.1786
2.67811,1.00000,15862.9492,15862.9492
2.73296,0.00400,233.5888,233.5888
2.73296,0.00426,233.5912,233.5912
2.73296,0.00453,233.5943,233.5943
2.73296,0.00482,233.5981,233.5981
2.73296,0.00513,233.6028,233.6028
2.73296,0.00545,233.6084,233.6084
2.73296,0.00580,233.6151,233.6151
2.73296,0.00618,233.6231,233.6231
2.73296,0.00657,233.6326,233.6326
2.73296,0.00699,233.6438,233.6438
2.73296,0.00744,233.6570,233.6570
2.73296,0.00791,233.6725,233.6725
2.73296,0.00842,233.6906,233.6906
2.73296,0.00896,233.7116,233.7116
2.73296,0.00953,233.7361,233.7361
2.73296,0.01014,233.7645,233.7645
2.73296,0.01079,233.7974,233.7974
2.73296,0.01148,233.8354,233.8354
2.73296,0.01222,233.8793,233.8793
2.73296,0.01300,233.9299,233.9299
2.73296,0.01383,233.9882,233.9882
2.73296,0.01472,234.0552,234.0552
2.73296,0.01566,234.1322,234.1322
2.73296,0.01666,234.2206,234.2206
2.73296,0.01773,234.3221,234.3221
2.73296,0.01886,234.4383,234.4383
2.73296,0.02007,234.5715,234.5715
2.73296,0.02136,234.7239,234.7239
2.73296,0.02272,234.8984,234.8984
2.73296,0.02418,235.0980,235.0980
2.73296,0.02572,235.3261,235.3261
2.73296,0.02737,235.5869,235.5869
2.73296,0.02912,235.8848,235.8848
2.73296,0.03099,236.2251,236.2251
2.73296,0.03297,236.6137,236.6137
2.73296,0.03508,237.0574,237.0574
2.73296,0.03733,237.5639,237.5639
2.73296,0.03972,238.1421,238.1421
2.73296,0.04226,238.8021,238.8021
2.73296,0.04496,239.5554,239.5554
2.73296,0.04784,240.4152,240.4152
2.73296,0.05090,241.3966,241.3966
2.73296,0.05416,242.5168,242.5168
2.73296,0.05763,243.7958,243.7958
2.73296,0.06131,245.2560,245.2560
2.73296,0.06524,246.9237,246.9237
2.73296,0.06941,248.8286,248.8286
2.73296,0.07386,251.0051,251.0051
2.73296,0.07858,253.4926,253.4926
2.73296,0.08361,256.3365,256.3365
2.73296,0.08896,259.5892,259.5892
2.73296,0.09466,263.3110,263.3110
2.73296,0.10072,267.5716,267.5716
2.73296,0.10716,272.4516,272.4516
2.73296,0.11402,278.0442,278.0442
2.73296,0.12132,284.4575,284.4575
2.73296,0.12909,291.8171,291.8171
2.73296,0.13735,300.2691,300.2691
2.73296,0.14614,309.9836,309.9836
2.73296,0.15549,321.1592,321.1592
2.73296,0.16544,334.0283,334.0283
2.73296,0.17603,348.8632,348.8632
2.73296,0.18730,365.9839,365.9839
2.73296,0.19929,385.7676,385.7676
2.73296,0.21204,408.6596,408.6596
2.73296,0.22561,435.1876,435.1876
2.73296,0.24005,465.9786,465.9786
2.73296,0.25542,501.7807,501.7807
2.73296,0.27177,543.4889,543.4889
2.73296,0.28916,592.1793,592.1793
2.73296,0.30767,649.1503,649.1503
2.73296,0.32736,715.9767,715.9767
2.73296,0.34831,794.5782,794.5782
2.73296,0.37060,887.3078,887.3078
2.73296,0.39432,997.0676,997.0676
2.73296,0.41956,1127.4607,1127.4607
2.73296,0.44642,1282.9945,1282.9945
2.73296,0.47499,1469.3530,1469.3530
2.73296,0.50539,1693.7702,1693.7702
2.73296,0.53774,1965.5462,1965.5462
2.73296,0.57215,2296.7744,2296.7744
2.73296,0.60877,2703.3851,2703.3851
2.73296,0.64774,3206.6743,3206.6743
2.73296,0.68919,3835.6008,3835.6008
2.73296,0.73330,4630.3375,4630.3375
2.73296,0.78024,5647.9584,5647.9584
2.73296,0.83018,6971.9462,6971.9462
2.73296,0.88331,8728.9922,8728.9922
2.73296,0.93985,11120.9932,11120.9932
2.73296,1.00000,14493.0506,14493.0506
2.78893,0.00400,232.9901,232.9901
2.78893,0.00426,232.9540,232.9540
2.78893,0.00453,232.9160,232.9160
2.78893,0.00482,232.8760,232.8760
2.78893,0.00513,232.8341,232.8341
2.78893,0.00545,232.7900,232.7900
2.78893,0.00580,232.7439,232.7439
2.78893,0.00618,232.6956,232.6956
2.78893,0.00657,232.6451,232.6451
2.78893,0.00699,232.5924,232.5924
2.78893,0.00744,232.5374,232.5374
2.78893,0.00791,232.4803,232.4803
2.78893,0.00842,232.4210,232.4210
2.78893,0.00896,232.3596,232.3596
2.78893,0.00953,232.2962,232.2962
2.78893,0.01014,232.2309,232.2309
2.78893,0.01079,232.1639,232.1639
2.78893,0.01148,232.0954,232.0954
2.78893,0.01222,232.0257,232.0257
2.78893,0.01300,231.9551,231.9551
2.78893,0.01383,231.8841,231.8841
2.78893,0.01472,231.8132,231.8132
2.78893,0.01566,231.7430,231.7430
2.78893,0.01666,231.6743,231.6743
2.78893,0.01773,231.6080,231.6080
2.78893,0.01886,231.5451,231.5451
2.78893,0.02007,231.4869,231.4869
2.78893,0.02136,231.4350,231.4350
2.78893,0.02272,231.3911,231.3911
2.78893,0.02418,231.3571,231.3571
2.78893,0.02572,231.3357,231.3357
2.78893,0.02737,231.3294,231.3294
2.78893,0.02912,231.3417,231.3417
2.78893,0.03099,231.3763,231.3763
2.78893,0.03297,231.4376,231.4376
2.78893,0.03508,231.5307,231.5307
2.78893,0.03733,231.6615,231.6615
2.78893,0.03972,231.8370,231.8370
2.78893,0.04226,232.0651,232.0651
2.78893,0.04496,232.3549,232.3549
2.78893,0.04784,232.7170,232.7170
2.78893,0.05090,233.1638,233.1638
2.78893,0.05416,233.7094,233.7094
2.78893,0.05763,234.3703,234.3703
2.78893,0.06131,235.1653,235.1653
2.78893,0.06524,236.1164,236.1164
2.78893,0.06941,237.2489,237.2489
2.78893,0.07386,238.5921,238.5921
2.78893,0.07858,240.1799,240.1799
2.78893,0.08361,242.0514,242.0514
2.78893,0.08896,244.2521,244.2521
2.78893,0.09466,246.8347,246.8347
2.78893,0.10072,249.8602,249.8602
2.78893,0.10716,253.3995,253.3995
2.78893,0.11402,257.5351,257.5351
2.78893,0.12132,262.3629,262.3629
2.78893,0.12909,267.9946,267.9946
2.78893,0.13735,274.5607,274.5607
2.78893,0.14614,282.2137,282.2137
2.78893,0.15549,291.1318,291.1318
2.78893,0.16544,301.5243,301.5243
2.78893,0.17603,313.6371,313.6371
2.78893,0.18730,327.7596,327.7596
2.78893,0.19929,344.2337,344.2337
2.78893,0.21204,363.4638,363.4638
2.78893,0.22561,385.9298,385.9298
2.78893,0.24005,412.2030,412.2030
2.78893,0.25542,442.9656,442.9656
2.78893,0.27177,479.0353,479.0353
2.78893,0.28916,521.3956,521.3956
2.78893,0.30767,571.2348,571.2348
2.78893,0.32736,629.9950,629.9950
2.78893,0.34831,699.4351,699.4351
2.78893,0.37060,781.7122,781.7122
2.78893,0.39432,879.4872,879.4872
2.78893,0.41956,996.0644,996.0644
2.78893,0.44642,1135.5767,1135.5767
2.78893,0.47499,1303.2343,1303.2343
2.78893,0.50539,1505.6644,1505.6644
2.78893,0.53774,1751.3799,1751.3799
2.78893,0.57215,2051.4378,2051.4378
2.78893,0.60877,2420.3797,2420.3797
2.78893,0.64774,2877.6053,2877.6053
2.78893,0.68919,3449.4218,3449.4218
2.78893,0.73330,4172.1919,4172.1919
2.78893,0.78024,5097.3247,5097.3247
2.78893,0.83018,6299.5115,6299.5115
2.78893,0.88331,7891.0049,7891.0049
2.78893,0.93985,10048.0365,10048.0365
2.78893,1.00000,13064.2355,13064.2355
2.84605,0.00400,232.7141,232.7141
2.84605,0.00426,232.6600,232.6600
2.84605,0.00453,232.6030,232.6030
2.84605,0.00482,232.5427,232.5427
2.84605,0.00513,232.4790,232.4790
2.84605,0.00545,232.4119,232.4119
2.84605,0.00580,232.3411,232.3411
2.84605,0.00618,232.2665,232.2665
2.84605,0.00657,232.1880,232.1880
2.84605,0.00699,232.1054,232.1054
2.84605,0.00744,232.0186,232.0186
2.84605,0.00791,231.9274,231.9274
2.84605,0.00842,231.8318,231.8318
2.84605,0.00896,231.7317,231.7317
2.84605,0.00953,231.6269,231.6269
2.84605,0.01014,231.5174,231.5174
2.84605,0.01079,231.4033,231.4033
2.84605,0.01148,231.2844,231.2844
2.84605,0.01222,231.1608,231.1608
2.84605,0.01300,231.0326,231.0326
2.84605,0.01383,230.9001,230.9001
2.84605,0.01472,230.7633,230.7633
2.84605,0.01566,230.6227,230.6227
2.84605,0.01666,230.4786,230.4786
2.84605,0.01773,230.3316,230.3316
2.84605,0.01886,230.1823,230.1823
2.84605,0.02007,230.0316,230.0316
2.84605,0.02136,229.8805,229.8805
2.84605,0.02272,229.7301,229.7301
2.84605,0.02418,229.5821,229.5821
2.84605,0.02572,229.4381,229.4381
2.84605,0.02737,229.3003,229.3003
2.84605,0.02912,229.1713,229.1713
2.84605,0.03099,229.0539,229.0539
2.84605,0.03297,228.9518,228.9518
2.84605,0.03508,228.8690,228.8690
2.84605,0.03733,228.8103,228.8103
2.84605,0.03972,228.7816,228.7816
2.84605,0.04226,228.7893,228.7893
2.84605,0.04496,228.8412,228.8412
2.84605,0.04784,228.9464,228.9464
2.84605,0.05090,229.1152,229.1152
2.84605,0.05416,229.3601,229.3601
2.84605,0.05763,229.6950,229.6950
2.84605,0.06131,230.1366,230.1366
2.84605,0.06524,230.7040,230.7040
2.84605,0.06941,231.4195,231.4195
2.84605,0.07386,232.3089,232.3089
2.84605,0.07858,233.4022,233.4022
2.84605,0.08361,234.7345,234.7345
2.84605,0.08896,236.3461,236.3461
2.84605,0.09466,238.2843,238.2843
2.84605,0.10072,240.6040,240.6040
2.84605,0.10716,243.3689,243.3689
2.84605,0.11402,246.6535,246.6535
2.84605,0.12132,250.5446,250.5446
2.84605,0.12909,255.1435,255.1435
2.84605,0.13735,260.5687,260.5687
2.84605,0.14614,266.9588,266.9588
2.84605,0.15549,274.4764,274.4764
2.84605,0.16544,283.3123,283.3123
2.84605,0.17603,293.6913,293.6913
2.84605,0.18730,305.8782,305.8782
2.84605,0.19929,320.1859,320.1859
2.84605,0.21204,336.9852,336.9852
2.84605,0.22561,356.7162,356.7162
2.84605,0.24005,379.9035,379.9035
2.84605,0.25542,407.1737,407.1737
2.84605,0.27177,439.2782,439.2782
2.84605,0.28916,477.1211,477.1211
2.84605,0.30767,521.7953,521.7953
2.84605,0.32736,574.6271,574.6271
2.84605,0.34831,637.2343,637.2343
2.84605,0.37060,711.6008,711.6008
2.84605,0.39432,800.1734,800.1734
2.84605,0.41956,905.9892,905.9892
2.84605,0.44642,1032.8453,1032.8453
2.84605,0.47499,1185.5250,1185.5250
2.84605,0.50539,1370.1071,1370.1071
2.84605,0.53774,1594.3911,1594.3911
2.84605,0.57215,1868.4929,1868.4929
2.84605,0.60877,2205.6932,2205.6932
2.84605,0.64774,2623.6702,2623.6702
2.84605,0.68919,3146.3312,3146.3312
2.84605,0.73330,3806.6068,3806.6068
2.84605,0.78024,4650.8467,4650.8467
2.84605,0.83018,5745.9979,5745.9979
2.84605,0.88331,7191.8741,7191.8741
2.84605,0.93985,9143.4011,9143.4011
2.84605,1.00000,11854.2142,11854.2142
