1.00000,0.00400,229.2721,229.2721
1.00000,0.00426,229.1695,229.1695
1.00000,0.00453,229.0628,229.0628
1.00000,0.00482,228.9519,228.9519
1.00000,0.00513,228.8371,228.8371
1.00000,0.00545,228.7184,228.7184
1.00000,0.00580,228.5961,228.5961
1.00000,0.00618,228.4705,228.4705
1.00000,0.00657,228.3420,228.3420
1.00000,0.00699,228.2110,228.2110
1.00000,0.00744,228.0783,228.0783
1.00000,0.00791,227.9444,227.9444
1.00000,0.00842,227.8105,227.8105
1.00000,0.00896,227.6775,227.6775
1.00000,0.00953,227.5469,227.5469
1.00000,0.01014,227.4203,227.4203
1.00000,0.01079,227.2995,227.2995
1.00000,0.01148,227.1868,227.1868
1.00000,0.01222,227.0848,227.0848
1.00000,0.01300,226.9968,226.9968
1.00000,0.01383,226.9262,226.9262
1.00000,0.01472,226.8774,226.8774
1.00000,0.01566,226.8553,226.8553
1.00000,0.01666,226.8656,226.8656
1.00000,0.01773,226.9151,226.9151
1.00000,0.01886,227.0114,227.0114
1.00000,0.02007,227.1635,227.1635
1.00000,0.02136,227.3817,227.3817
1.00000,0.02272,227.6780,227.6780
1.00000,0.02418,228.0661,228.0661
1.00000,0.02572,228.5619,228.5619
1.00000,0.02737,229.1838,229.1838
1.00000,0.02912,229.9527,229.9527
1.00000,0.03099,230.8930,230.8930
1.00000,0.03297,232.0326,232.0326
1.00000,0.03508,233.4035,233.4035
1.00000,0.03733,235.0427,235.0427
1.00000,0.03972,236.9927,236.9927
1.00000,0.04226,239.3023,239.3023
1.00000,0.04496,242.0276,242.0276
1.00000,0.04784,245.2333,245.2333
1.00000,0.05090,248.9936,248.9936
1.00000,0.05416,253.3941,253.3941
1.00000,0.05763,258.5332,258.5332
1.00000,0.06131,264.5241,264.5241
1.00000,0.06524,271.4975,271.4975
1.00000,0.06941,279.6037,279.6037
1.00000,0.07386,289.0164,289.0164
1.00000,0.07858,299.9358,299.9358
1.00000,0.08361,312.5932,312.5932
1.00000,0.08896,327.2561,327.2561
1.00000,0.09466,344.2340,344.2340
1.00000,0.10072,363.8855,363.8855
1.00000,0.10716,386.6264,386.6264
1.00000,0.11402,412.9395,412.9395
1.00000,0.12132,443.3864,443.3864
1.00000,0.12909,478.6210,478.6210
1.00000,0.13735,519.4063,519.4063
1.00000,0.14614,566.6338,566.6338
1.00000,0.15549,621.3474,621.3474
1.00000,0.16544,684.7718,684.7718
1.00000,0.17603,758.3475,758.3475
1.00000,0.18730,843.7727,843.7727
1.00000,0.19929,943.0546,943.0546
1.00000,0.21204,1058.5729,1058.5729
1.00000,0.22561,1193.1575,1193.1575
1.00000,0.24005,1350.1854,1350.1854
1.00000,0.25542,1533.7017,1533.7017
1.00000,0.27177,1748.5708,1748.5708
1.00000,0.28916,2000.6693,2000.6693
1.00000,0.30767,2297.1303,2297.1303
1.00000,0.32736,2646.6590,2646.6590
1.00000,0.34831,3059.9411,3059.9411
1.00000,0.37060,3550.1785,3550.1785
1.00000,0.39432,4133.7995,4133.7995
1.00000,0.41956,4831.4103,4831.4103
1.00000,0.44642,5669.0895,5669.0895
1.00000,0.47499,6680.1732,6680.1732
1.00000,0.50539,7907.7626,7907.7626
1.00000,0.53774,9408.3123,9408.3123
1.00000,0.57215,11256.8838,11256.8838
1.00000,0.60877,13555.0424,13555.0424
1.00000,0.64774,16443.1023,16443.1023
1.00000,0.68919,20119.8495,20119.8495
1.00000,0.73330,24875.8412,24875.8412
1.00000,0.78024,31153.1453,31153.1453
1.00000,0.83018,39661.6139,39661.6139
1.00000,0.88331,51633.2088,51633.2088
1.00000,0.93985,69490.5116,69490.5116
1.00000,1.00000,99327.7455,99327.7455
1.02048,0.00400,231.0559,231.0559
1.02048,0.00426,230.9106,230.9106
1.02048,0.00453,230.7583,230.7583
1.02048,0.00482,230.5990,230.5990
1.02048,0.00513,230.4324,230.4324
1.02048,0.00545,230.2587,230.2587
1.02048,0.00580,230.0777,230.0777
1.02048,0.00618,229.8895,229.8895
1.02048,0.00657,229.6943,229.6943
1.02048,0.00699,229.4923,229.4923
1.02048,0.00744,229.2838,229.2838
1.02048,0.00791,229.0691,229.0691
1.02048,0.00842,228.8491,228.8491
1.02048,0.00896,228.6243,228.6243
1.02048,0.00953,228.3957,228.3957
1.02048,0.01014,228.1645,228.1645
1.02048,0.01079,227.9322,227.9322
1.02048,0.01148,227.7005,227.7005
1.02048,0.01222,227.4715,227.4715
1.02048,0.01300,227.2479,227.2479
1.02048,0.01383,227.0325,227.0325
1.02048,0.01472,226.8291,226.8291
1.02048,0.01566,226.6418,226.6418
1.02048,0.01666,226.4756,226.4756
1.02048,0.01773,226.3364,226.3364
1.02048,0.01886,226.2310,226.2310
1.02048,0.02007,226.1673,226.1673
1.02048,0.02136,226.1547,226.1547
1.02048,0.02272,226.2040,226.2040
1.02048,0.02418,226.3277,226.3277
1.02048,0.02572,226.5403,226.5403
1.02048,0.02737,226.8587,226.8587
1.02048,0.02912,227.3024,227.3024
1.02048,0.03099,227.8939,227.8939
1.02048,0.03297,228.6593,228.6593
1.02048,0.03508,229.6285,229.6285
1.02048,0.03733,230.8362,230.8362
1.02048,0.03972,232.3224,232.3224
1.02048,0.04226,234.1333,234.1333
1.02048,0.04496,236.3220,236.3220
1.02048,0.04784,238.9498,238.9498
1.02048,0.05090,242.0873,242.0873
1.02048,0.05416,245.8162,245.8162
1.02048,0.05763,250.2302,250.2302
1.02048,0.06131,255.4379,255.4379
1.02048,0.06524,261.5642,261.5642
1.02048,0.06941,268.7535,268.7535
1.02048,0.07386,277.1725,277.1725
1.02048,0.07858,287.0140,287.0140
1.02048,0.08361,298.5006,298.5006
1.02048,0.08896,311.8903,311.8903
1.02048,0.09466,327.4817,327.4817
1.02048,0.10072,345.6211,345.6211
1.02048,0.10716,366.7105,366.7105
1.02048,0.11402,391.2170,391.2170
1.02048,0.12132,419.6842,419.6842
1.02048,0.12909,452.7456,452.7456
1.02048,0.13735,491.1406,491.1406
1.02048,0.14614,535.7337,535.7337
1.02048,0.15549,587.5375,587.5375
1.02048,0.16544,647.7409,647.7409
1.02048,0.17603,717.7420,717.7420
1.02048,0.18730,799.1899,799.1899
1.02048,0.19929,894.0342,894.0342
1.02048,0.21204,1004.5867,1004.5867
1.02048,0.22561,1133.5968,1133.5968
1.02048,0.24005,1284.3459,1284.3459
1.02048,0.25542,1460.7640,1460.7640
1.02048,0.27177,1667.5777,1667.5777
1.02048,0.28916,1910.4961,1910.4961
1.02048,0.30767,2196.4479,2196.4479
1.02048,0.32736,2533.8870,2533.8870
1.02048,0.34831,2933.1876,2933.1876
1.02048,0.37060,3407.1623,3407.1623
1.02048,0.39432,3971.7473,3971.7473
1.02048,0.41956,4646.9214,4646.9214
1.02048,0.44642,5457.9522,5457.9522
1.02048,0.47499,6437.1152,6437.1152
1.02048,0.50539,7626.1021,7626.1021
1.02048,0.53774,9079.4633,9079.4633
1.02048,0.57215,10869.6366,10869.6366
1.02048,0.60877,13094.4881,13094.4881
1.02048,0.64774,15888.9721,15888.9721
1.02048,0.68919,19443.8476,19443.8476
1.02048,0.73330,24037.1419,24037.1419
1.02048,0.78024,30090.2870,30090.2870
1.02048,0.83018,38276.5834,38276.5834
1.02048,0.88331,49756.0042,49756.0042
1.02048,0.93985,66782.6635,66782.6635
1.02048,1.00000,94893.1169,94893.1169
1.04138,0.00400,230.5768,230.5768
1.04138,0.00426,230.4004,230.4004
1.04138,0.00453,230.2151,230.2151
1.04138,0.00482,230.0205,230.0205
1.04138,0.00513,229.8165,229.8165
1.04138,0.00545,229.6027,229.6027
1.04138,0.00580,229.3791,229.3791
1.04138,0.00618,229.1455,229.1455
1.04138,0.00657,228.9018,228.9018
1.04138,0.00699,228.6481,228.6481
1.04138,0.00744,228.3844,228.3844
1.04138,0.00791,228.1110,228.1110
1.04138,0.00842,227.8282,227.8282
1.04138,0.00896,227.5365,227.5365
1.04138,0.00953,227.2365,227.2365
1.04138,0.01014,226.9292,226.9292
1.04138,0.01079,226.6155,226.6155
1.04138,0.01148,226.2969,226.2969
1.04138,0.01222,225.9752,225.9752
1.04138,0.01300,225.6524,225.6524
1.04138,0.01383,225.3312,225.3312
1.04138,0.01472,225.0145,225.0145
1.04138,0.01566,224.7062,224.7062
1.04138,0.01666,224.4106,224.4106
1.04138,0.01773,224.1329,224.1329
1.04138,0.01886,223.8793,223.8793
1.04138,0.02007,223.6570,223.6570
1.04138,0.02136,223.4746,223.4746
1.04138,0.02272,223.3418,223.3418
1.04138,0.02418,223.2704,223.2704
1.04138,0.02572,223.2739,223.2739
1.04138,0.02737,223.3679,223.3679
1.04138,0.02912,223.5707,223.5707
1.04138,0.03099,223.9034,223.9034
1.04138,0.03297,224.3907,224.3907
1.04138,0.03508,225.0610,225.0610
1.04138,0.03733,225.9470,225.9470
1.04138,0.03972,227.0870,227.0870
1.04138,0.04226,228.5247,228.5247
1.04138,0.04496,230.3111,230.3111
1.04138,0.04784,232.5047,232.5047
1.04138,0.05090,235.1733,235.1733
1.04138,0.05416,238.3952,238.3952
1.04138,0.05763,242.2607,242.2607
1.04138,0.06131,246.8741,246.8741
1.04138,0.06524,252.3562,252.3562
1.04138,0.06941,258.8461,258.8461
1.04138,0.07386,266.5050,266.5050
1.04138,0.07858,275.5193,275.5193
1.04138,0.08361,286.1045,286.1045
1.04138,0.08896,298.5106,298.5106
1.04138,0.09466,313.0271,313.0271
1.04138,0.10072,329.9900,329.9900
1.04138,0.10716,349.7895,349.7895
1.04138,0.11402,372.8793,372.8793
1.04138,0.12132,399.7877,399.7877
1.04138,0.12909,431.1307,431.1307
1.04138,0.13735,467.6272,467.6272
1.04138,0.14614,510.1184,510.1184
1.04138,0.15549,559.5897,559.5897
1.04138,0.16544,617.1982,617.1982
1.04138,0.17603,684.3053,684.3053
1.04138,0.18730,762.5165,762.5165
1.04138,0.19929,853.7305,853.7305
1.04138,0.21204,960.1985,960.1985
1.04138,0.22561,1084.5979,1084.5979
1.04138,0.24005,1230.1240,1230.1240
1.04138,0.25542,1400.6036,1400.6036
1.04138,0.27177,1600.6382,1600.6382
1.04138,0.28916,1835.7844,1835.7844
1.04138,0.30767,2112.7850,2112.7850
1.04138,0.32736,2439.8635,2439.8635
1.04138,0.34831,2827.1081,2827.1081
1.04138,0.37060,3286.9724,3286.9724
1.04138,0.39432,3834.9380,3834.9380
1.04138,0.41956,4490.4014,4490.4014
1.04138,0.44642,5277.8771,5277.8771
1.04138,0.47499,6228.6522,6228.6522
1.04138,0.50539,7383.1036,7383.1036
1.04138,0.53774,8794.0023,8794.0023
1.04138,0.57215,10531.3332,10531.3332
1.04138,0.60877,12689.5034,12689.5034
1.04138,0.64774,15398.4610,15398.4610
1.04138,0.68919,18841.4821,18841.4821
1.04138,0.73330,23284.9569,23284.9569
1.04138,0.78024,29131.2646,29131.2646
1.04138,0.83018,37020.2686,37020.2686
1.04138,0.88331,48047.0790,48047.0790
1.04138,0.93985,64318.1789,64318.1789
1.04138,1.00000,90913.7607,90913.7607
1.06271,0.00400,230.2631,230.2631
1.06271,0.00426,230.0663,230.0663
1.06271,0.00453,229.8592,229.8592
1.06271,0.00482,229.6414,229.6414
1.06271,0.00513,229.4126,229.4126
1.06271,0.00545,229.1724,229.1724
1.06271,0.00580,228.9206,228.9206
1.06271,0.00618,228.6569,228.6569
1.06271,0.00657,228.3812,228.3812
1.06271,0.00699,228.0932,228.0932
1.06271,0.00744,227.7930,227.7930
1.06271,0.00791,227.4806,227.4806
1.06271,0.00842,227.1561,227.1561
1.06271,0.00896,226.8199,226.8199
1.06271,0.00953,226.4723,226.4723
1.06271,0.01014,226.1140,226.1140
1.06271,0.01079,225.7459,225.7459
1.06271,0.01148,225.3692,225.3692
1.06271,0.01222,224.9852,224.9852
1.06271,0.01300,224.5959,224.5959
1.06271,0.01383,224.2033,224.2033
1.06271,0.01472,223.8103,223.8103
1.06271,0.01566,223.4202,223.4202
1.06271,0.01666,223.0369,223.0369
1.06271,0.01773,222.6651,222.6651
1.06271,0.01886,222.3107,222.3107
1.06271,0.02007,221.9801,221.9801
1.06271,0.02136,221.6814,221.6814
1.06271,0.02272,221.4237,221.4237
1.06271,0.02418,221.2180,221.2180
1.06271,0.02572,221.0769,221.0769
1.06271,0.02737,221.0154,221.0154
1.06271,0.02912,221.0506,221.0506
1.06271,0.03099,221.2028,221.2028
1.06271,0.03297,221.4953,221.4953
1.06271,0.03508,221.9552,221.9552
1.06271,0.03733,222.6139,222.6139
1.06271,0.03972,223.5081,223.5081
1.06271,0.04226,224.6797,224.6797
1.06271,0.04496,226.1778,226.1778
1.06271,0.04784,228.0587,228.0587
1.06271,0.05090,230.3878,230.3878
1.06271,0.05416,233.2406,233.2406
1.06271,0.05763,236.7045,236.7045
1.06271,0.06131,240.8804,240.8804
1.06271,0.06524,245.8850,245.8850
1.06271,0.06941,251.8533,251.8533
1.06271,0.07386,258.9416,258.9416
1.06271,0.07858,267.3307,267.3307
1.06271,0.08361,277.2299,277.2299
1.06271,0.08896,288.8820,288.8820
1.06271,0.09466,302.5685,302.5685
1.06271,0.10072,318.6159,318.6159
1.06271,0.10716,337.4039,337.4039
1.06271,0.11402,359.3740,359.3740
1.06271,0.12132,385.0404,385.0404
1.06271,0.12909,415.0026,415.0026
1.06271,0.13735,449.9609,449.9609
1.06271,0.14614,490.7345,490.7345
1.06271,0.15549,538.2832,538.2832
1.06271,0.16544,593.7343,593.7343
1.06271,0.17603,658.4138,658.4138
1.06271,0.18730,733.8860,733.8860
1.06271,0.19929,822.0002,822.0002
1.06271,0.21204,924.9493,924.9493
1.06271,0.22561,1045.3409,1045.3409
1.06271,0.24005,1186.2866,1186.2866
1.06271,0.25542,1351.5118,1351.5118
1.06271,0.27177,1545.4952,1545.4952
1.06271,0.28916,1773.6435,1773.6435
1.06271,0.30767,2042.5147,2042.5147
1.06271,0.32736,2360.1041,2360.1041
1.06271,0.34831,2736.2149,2736.2149
1.06271,0.37060,3182.9419,3182.9419
1.06271,0.39432,3715.3116,3715.3116
1.06271,0.41956,4352.1362,4352.1362
1.06271,0.44642,5117.1725,5117.1725
1.06271,0.47499,6040.7121,6040.7121
1.06271,0.50539,7161.8056,7161.8056
1.06271,0.53774,8531.4286,8531.4286
1.06271,0.57215,10217.0895,10217.0895
1.06271,0.60877,12309.7067,12309.7067
1.06271,0.64774,14934.1858,14934.1858
1.06271,0.68919,18266.2899,18266.2899
1.06271,0.73330,22560.7812,22560.7812
1.06271,0.78024,28201.1509,28201.1509
1.06271,0.83018,35794.5329,35794.5329
1.06271,0.88331,46373.8775,46373.8775
1.06271,0.93985,61909.5435,61909.5435
1.06271,1.00000,87095.6520,87095.6520
1.08447,0.00400,230.1056,230.1056
1.08447,0.00426,229.8984,229.8984
1.08447,0.00453,229.6801,229.6801
1.08447,0.00482,229.4504,229.4504
1.08447,0.00513,229.2088,229.2088
1.08447,0.00545,228.9550,228.9550
1.08447,0.00580,228.6887,228.6887
1.08447,0.00618,228.4094,228.4094
1.08447,0.00657,228.1170,228.1170
1.08447,0.00699,227.8111,227.8111
1.08447,0.00744,227.4918,227.4918
1.08447,0.00791,227.1588,227.1588
1.08447,0.00842,226.8124,226.8124
1.08447,0.00896,226.4525,226.4525
1.08447,0.00953,226.0796,226.0796
1.08447,0.01014,225.6942,225.6942
1.08447,0.01079,225.2969,225.2969
1.08447,0.01148,224.8888,224.8888
1.08447,0.01222,224.4711,224.4711
1.08447,0.01300,224.0455,224.0455
1.08447,0.01383,223.6139,223.6139
1.08447,0.01472,223.1788,223.1788
1.08447,0.01566,222.7433,222.7433
1.08447,0.01666,222.3111,222.3111
1.08447,0.01773,221.8866,221.8866
1.08447,0.01886,221.4750,221.4750
1.08447,0.02007,221.0828,221.0828
1.08447,0.02136,220.7173,220.7173
1.08447,0.02272,220.3874,220.3874
1.08447,0.02418,220.1033,220.1033
1.08447,0.02572,219.8773,219.8773
1.08447,0.02737,219.7234,219.7234
1.08447,0.02912,219.6582,219.6582
1.08447,0.03099,219.7012,219.7012
1.08447,0.03297,219.8746,219.8746
1.08447,0.03508,220.2047,220.2047
1.08447,0.03733,220.7218,220.7218
1.08447,0.03972,221.4610,221.4610
1.08447,0.04226,222.4631,222.4631
1.08447,0.04496,223.7753,223.7753
1.08447,0.04784,225.4523,225.4523
1.08447,0.05090,227.5573,227.5573
1.08447,0.05416,230.1635,230.1635
1.08447,0.05763,233.3557,233.3557
1.08447,0.06131,237.2318,237.2318
1.08447,0.06524,241.9051,241.9051
1.08447,0.06941,247.5068,247.5068
1.08447,0.07386,254.1886,254.1886
1.08447,0.07858,262.1263,262.1263
1.08447,0.08361,271.5236,271.5236
1.08447,0.08896,282.6165,282.6165
1.08447,0.09466,295.6789,295.6789
1.08447,0.10072,311.0286,311.0286
1.08447,0.10716,329.0352,329.0352
1.08447,0.11402,350.1283,350.1283
1.08447,0.12132,374.8085,374.8085
1.08447,0.12909,403.6597,403.6597
1.08447,0.13735,437.3637,437.3637
1.08447,0.14614,476.7179,476.7179
1.08447,0.15549,522.6570,522.6570
1.08447,0.16544,576.2783,576.2783
1.08447,0.17603,638.8728,638.8728
1.08447,0.18730,711.9629,711.9629
1.08447,0.19929,797.3486,797.3486
1.08447,0.21204,897.1632,897.1632
1.08447,0.22561,1013.9436,1013.9436
1.08447,0.24005,1150.7154,1150.7154
1.08447,0.25542,1311.1005,1311.1005
1.08447,0.27177,1499.4511,1499.4511
1.08447,0.28916,1721.0194,1721.0194
1.08447,0.30767,1982.1726,1982.1726
1.08447,0.32736,2290.6697,2290.6697
1.08447,0.34831,2656.0178,2656.0178
1.08447,0.37060,3089.9394,3089.9394
1.08447,0.39432,3606.9869,3606.9869
1.08447,0.41956,4225.3643,4225.3643
1.08447,0.44642,4968.0382,4968.0382
1.08447,0.47499,5864.2623,5864.2623
1.08447,0.50539,6951.7037,6951.7037
1.08447,0.53774,8279.4659,8279.4659
1.08447,0.57215,9912.4770,9912.4770
1.08447,0.60877,11938.0242,11938.0242
1.08447,0.64774,14475.7758,14475.7758
1.08447,0.68919,17693.7111,17693.7111
1.08447,0.73330,21834.5933,21834.5933
1.08447,0.78024,27262.5317,27262.5317
1.08447,0.83018,34551.3541,34551.3541
1.08447,0.88331,44671.5813,44671.5813
1.08447,0.93985,59459.9518,59459.9518
1.08447,1.00000,83249.9285,83249.9285
1.10668,0.00400,230.0698,230.0698
1.10668,0.00426,229.8599,229.8599
1.10668,0.00453,229.6387,229.6387
1.10668,0.00482,229.4058,229.4058
1.10668,0.00513,229.1608,229.1608
1.10668,0.00545,228.9033,228.9033
1.10668,0.00580,228.6329,228.6329
1.10668,0.00618,228.3492,228.3492
1.10668,0.00657,228.0519,228.0519
1.10668,0.00699,227.7409,227.7409
1.10668,0.00744,227.4158,227.4158
1.10668,0.00791,227.0766,227.0766
1.10668,0.00842,226.7232,226.7232
1.10668,0.00896,226.3558,226.3558
1.10668,0.00953,225.9747,225.9747
1.10668,0.01014,225.5803,225.5803
1.10668,0.01079,225.1731,225.1731
1.10668,0.01148,224.7541,224.7541
1.10668,0.01222,224.3243,224.3243
1.10668,0.01300,223.8854,223.8854
1.10668,0.01383,223.4392,223.4392
1.10668,0.01472,222.9880,222.9880
1.10668,0.01566,222.5347,222.5347
1.10668,0.01666,222.0827,222.0827
1.10668,0.01773,221.6364,221.6364
1.10668,0.01886,221.2006,221.2006
1.10668,0.02007,220.7815,220.7815
1.10668,0.02136,220.3861,220.3861
1.10668,0.02272,220.0229,220.0229
1.10668,0.02418,219.7018,219.7018
1.10668,0.02572,219.4344,219.4344
1.10668,0.02737,219.2345,219.2345
1.10668,0.02912,219.1179,219.1179
1.10668,0.03099,219.1034,219.1034
1.10668,0.03297,219.2125,219.2125
1.10668,0.03508,219.4706,219.4706
1.10668,0.03733,219.9068,219.9068
1.10668,0.03972,220.5554,220.5554
1.10668,0.04226,221.4556,221.4556
1.10668,0.04496,222.6533,222.6533
1.10668,0.04784,224.2014,224.2014
1.10668,0.05090,226.1612,226.1612
1.10668,0.05416,228.6037,228.6037
1.10668,0.05763,231.6111,231.6111
1.10668,0.06131,235.2784,235.2784
1.10668,0.06524,239.7155,239.7155
1.10668,0.06941,245.0498,245.0498
1.10668,0.07386,251.4287,251.4287
1.10668,0.07858,259.0227,259.0227
1.10668,0.08361,268.0297,268.0297
1.10668,0.08896,278.6789,278.6789
1.10668,0.09466,291.2361,291.2361
1.10668,0.10072,306.0104,306.0104
1.10668,0.10716,323.3603,323.3603
1.10668,0.11402,343.7034,343.7034
1.10668,0.12132,367.5259,367.5259
1.10668,0.12909,395.3946,395.3946
1.10668,0.13735,427.9717,427.9717
1.10668,0.14614,466.0314,466.0314
1.10668,0.15549,510.4813,510.4813
1.10668,0.16544,562.3862,562.3862
1.10668,0.17603,622.9992,622.9992
1.10668,0.18730,693.7974,693.7974
1.10668,0.19929,776.5265,776.5265
1.10668,0.21204,873.2555,873.2555
1.10668,0.22561,986.4433,986.4433
1.10668,0.24005,1119.0219,1119.0219
1.10668,0.25542,1274.4996,1274.4996
1.10668,0.27177,1457.0901,1457.0901
1.10668,0.28916,1671.8758,1671.8758
1.10668,0.30767,1925.0150,1925.0150
1.10668,0.32736,2224.0071,2224.0071
1.10668,0.34831,2578.0353,2578.0353
1.10668,0.37060,2998.4138,2998.4138
1.10668,0.39432,3499.1764,3499.1764
1.10668,0.41956,4097.8623,4097.8623
1.10668,0.44642,4816.5764,4816.5764
1.10668,0.47499,5683.4418,5683.4418
1.10668,0.50539,6734.6225,6734.6225
1.10668,0.53774,8017.1927,8017.1927
1.10668,0.57215,9593.2914,9593.2914
1.10668,0.60877,11546.2933,11546.2933
1.10668,0.64774,13990.2419,13990.2419
1.10668,0.68919,17084.7892,17084.7892
1.10668,0.73330,21059.9114,21059.9114
1.10668,0.78024,26259.1480,26259.1480
1.10668,0.83018,33221.1172,33221.1172
1.10668,0.88331,42850.5371,42850.5371
1.10668,0.93985,56843.4526,56843.4526
1.10668,1.00000,79158.4664,79158.4664
1.12935,0.00400,230.1131,230.1131
1.12935,0.00426,229.9055,229.9055
1.12935,0.00453,229.6868,229.6868
1.12935,0.00482,229.4564,229.4564
1.12935,0.00513,229.2140,229.2140
1.12935,0.00545,228.9591,228.9591
1.12935,0.00580,228.6914,228.6914
1.12935,0.00618,228.4105,228.4105
1.12935,0.00657,228.1160,228.1160
1.12935,0.00699,227.8078,227.8078
1.12935,0.00744,227.4856,227.4856
1.12935,0.00791,227.1493,227.1493
1.12935,0.00842,226.7988,226.7988
1.12935,0.00896,226.4342,226.4342
1.12935,0.00953,226.0558,226.0558
1.12935,0.01014,225.6639,225.6639
1.12935,0.01079,225.2591,225.2591
1.12935,0.01148,224.8422,224.8422
1.12935,0.01222,224.4144,224.4144
1.12935,0.01300,223.9769,223.9769
1.12935,0.01383,223.5316,223.5316
1.12935,0.01472,223.0807,223.0807
1.12935,0.01566,222.6270,222.6270
1.12935,0.01666,222.1738,222.1738
1.12935,0.01773,221.7251,221.7251
1.12935,0.01886,221.2857,221.2857
1.12935,0.02007,220.8615,220.8615
1.12935,0.02136,220.4594,220.4594
1.12935,0.02272,220.0873,220.0873
1.12935,0.02418,219.7549,219.7549
1.12935,0.02572,219.4734,219.4734
1.12935,0.02737,219.2561,219.2561
1.12935,0.02912,219.1183,219.1183
1.12935,0.03099,219.0780,219.0780
1.12935,0.03297,219.1562,219.1562
1.12935,0.03508,219.3773,219.3773
1.12935,0.03733,219.7696,219.7696
1.12935,0.03972,220.3661,220.3661
1.12935,0.04226,221.2049,221.2049
1.12935,0.04496,222.3304,222.3304
1.12935,0.04784,223.7937,223.7937
1.12935,0.05090,225.6544,225.6544
1.12935,0.05416,227.9810,227.9810
1.12935,0.05763,230.8532,230.8532
1.12935,0.06131,234.3631,234.3631
1.12935,0.06524,238.6171,238.6171
1.12935,0.06941,243.7385,243.7385
1.12935,0.07386,249.8702,249.8702
1.12935,0.07858,257.1775,257.1775
1.12935,0.08361,265.8519,265.8519
1.12935,0.08896,276.1154,276.1154
1.12935,0.09466,288.2258,288.2258
1.12935,0.10072,302.4819,302.4819
1.12935,0.10716,319.2315,319.2315
1.12935,0.11402,338.8787,338.8787
1.12935,0.12132,361.8942,361.8942
1.12935,0.12909,388.8269,388.8269
1.12935,0.13735,420.3176,420.3176
1.12935,0.14614,457.1158,457.1158
1.12935,0.15549,500.0994,500.0994
1.12935,0.16544,550.2987,550.2987
1.12935,0.17603,608.9254,608.9254
1.12935,0.18730,677.4075,677.4075
1.12935,0.19929,757.4325,757.4325
1.12935,0.21204,850.9992,850.9992
1.12935,0.22561,960.4826,960.4826
1.12935,0.24005,1088.7132,1088.7132
1.12935,0.25542,1239.0765,1239.0765
1.12935,0.27177,1415.6366,1415.6366
1.12935,0.28916,1623.2929,1623.2929
1.12935,0.30767,1867.9780,1867.9780
1.12935,0.32736,2156.9120,2156.9120
1.12935,0.34831,2498.9298,2498.9298
1.12935,0.37060,2904.9074,2904.9074
1.12935,0.39432,3388.3234,3388.3234
1.12935,0.41956,3966.0063,3966.0063
1.12935,0.44642,4659.1419,4659.1419
1.12935,0.47499,5494.6507,5494.6507
1.12935,0.50539,6507.1024,6507.1024
1.12935,0.53774,7741.4237,7741.4237
1.12935,0.57215,9256.8118,9256.8118
1.12935,0.60877,11132.5259,11132.5259
1.12935,0.64774,13476.7097,13476.7097
1.12935,0.68919,16440.3028,16440.3028
1.12935,0.73330,20239.9297,20239.9297
1.12935,0.78024,25197.6638,25197.6638
1.12935,0.83018,31815.2971,31815.2971
1.12935,0.88331,40928.1145,40928.1145
1.12935,0.93985,54079.5550,54079.5550
1.12935,1.00000,74771.1562,74771.1562
1.15248,0.00400,230.2048,230.2048
1.15248,0.00426,230.0026,230.0026
1.15248,0.00453,229.7895,229.7895
1.15248,0.00482,229.5651,229.5651
1.15248,0.00513,229.3290,229.3290
1.15248,0.00545,229.0807,229.0807
1.15248,0.00580,228.8199,228.8199
1.15248,0.00618,228.5462,228.5462
1.15248,0.00657,228.2594,228.2594
1.15248,0.00699,227.9591,227.9591
1.15248,0.00744,227.6451,227.6451
1.15248,0.00791,227.3174,227.3174
1.15248,0.00842,226.9758,226.9758
1.15248,0.00896,226.6205,226.6205
1.15248,0.00953,226.2516,226.2516
1.15248,0.01014,225.8695,225.8695
1.15248,0.01079,225.4748,225.4748
1.15248,0.01148,225.0683,225.0683
1.15248,0.01222,224.6510,224.6510
1.15248,0.01300,224.2242,224.2242
1.15248,0.01383,223.7897,223.7897
1.15248,0.01472,223.3496,223.3496
1.15248,0.01566,222.9066,222.9066
1.15248,0.01666,222.4639,222.4639
1.15248,0.01773,222.0254,222.0254
1.15248,0.01886,221.5957,221.5957
1.15248,0.02007,221.1806,221.1806
1.15248,0.02136,220.7865,220.7865
1.15248,0.02272,220.4215,220.4215
1.15248,0.02418,220.0947,220.0947
1.15248,0.02572,219.8170,219.8170
1.15248,0.02737,219.6012,219.6012
1.15248,0.02912,219.4622,219.4622
1.15248,0.03099,219.4175,219.4175
1.15248,0.03297,219.4874,219.4874
1.15248,0.03508,219.6955,219.6955
1.15248,0.03733,220.0692,220.0692
1.15248,0.03972,220.6405,220.6405
1.15248,0.04226,221.4464,221.4464
1.15248,0.04496,222.5298,222.5298
1.15248,0.04784,223.9402,223.9402
1.15248,0.05090,225.7354,225.7354
1.15248,0.05416,227.9817,227.9817
1.15248,0.05763,230.7564,230.7564
1.15248,0.06131,234.1486,234.1486
1.15248,0.06524,238.2614,238.2614
1.15248,0.06941,243.2142,243.2142
1.15248,0.07386,249.1455,249.1455
1.15248,0.07858,256.2151,256.2151
1.15248,0.08361,264.6087,264.6087
1.15248,0.08896,274.5411,274.5411
1.15248,0.09466,286.2618,286.2618
1.15248,0.10072,300.0602,300.0602
1.15248,0.10716,316.2726,316.2726
1.15248,0.11402,335.2902,335.2902
1.15248,0.12132,357.5683,357.5683
1.15248,0.12909,383.6378,383.6378
1.15248,0.13735,414.1184,414.1184
1.15248,0.14614,449.7347,449.7347
1.15248,0.15549,491.3353,491.3353
1.15248,0.16544,539.9158,539.9158
1.15248,0.17603,596.6466,596.6466
1.15248,0.18730,662.9071,662.9071
1.15248,0.19929,740.3263,740.3263
1.15248,0.21204,830.8332,830.8332
1.15248,0.22561,936.7190,936.7190
1.15248,0.24005,1060.7133,1060.7133
1.15248,0.25542,1206.0789,1206.0789
1.15248,0.27177,1376.7313,1376.7313
1.15248,0.28916,1577.3876,1577.3876
1.15248,0.30767,1813.7566,1813.7566
1.15248,0.32736,2092.7813,2092.7813
1.15248,0.34831,2422.9510,2422.9510
1.15248,0.37060,2814.7082,2814.7082
1.15248,0.39432,3280.9827,3280.9827
1.15248,0.41956,3837.9015,3837.9015
1.15248,0.44642,4505.7448,4505.7448
1.15248,0.47499,5310.2499,5310.2499
1.15248,0.50539,6284.4199,6284.4199
1.15248,0.53774,7471.0756,7471.0756
1.15248,0.57215,8926.5323,8926.5323
1.15248,0.60877,10726.0229,10726.0229
1.15248,0.64774,12971.9247,12971.9247
1.15248,0.68919,15806.6650,15806.6650
1.15248,0.73330,19433.8159,19433.8159
1.15248,0.78024,24154.4255,24154.4255
1.15248,0.83018,30434.0500,30434.0500
1.15248,0.88331,39038.9898,39038.9898
1.15248,0.93985,51357.8389,51357.8389
1.15248,1.00000,70403.1405,70403.1405
1.17608,0.00400,230.3418,230.3418
1.17608,0.00426,230.1479,230.1479
1.17608,0.00453,229.9436,229.9436
1.17608,0.00482,229.7285,229.7285
1.17608,0.00513,229.5022,229.5022
1.17608,0.00545,229.2642,229.2642
1.17608,0.00580,229.0144,229.0144
1.17608,0.00618,228.7522,228.7522
1.17608,0.00657,228.4775,228.4775
1.17608,0.00699,228.1899,228.1899
1.17608,0.00744,227.8893,227.8893
1.17608,0.00791,227.5757,227.5757
1.17608,0.00842,227.2488,227.2488
1.17608,0.00896,226.9090,226.9090
1.17608,0.00953,226.5563,226.5563
1.17608,0.01014,226.1912,226.1912
1.17608,0.01079,225.8142,225.8142
1.17608,0.01148,225.4261,225.4261
1.17608,0.01222,225.0279,225.0279
1.17608,0.01300,224.6209,224.6209
1.17608,0.01383,224.2070,224.2070
1.17608,0.01472,223.7882,223.7882
1.17608,0.01566,223.3670,223.3670
1.17608,0.01666,222.9467,222.9467
1.17608,0.01773,222.5311,222.5311
1.17608,0.01886,222.1248,222.1248
1.17608,0.02007,221.7332,221.7332
1.17608,0.02136,221.3628,221.3628
1.17608,0.02272,221.0213,221.0213
1.17608,0.02418,220.7178,220.7178
1.17608,0.02572,220.4628,220.4628
1.17608,0.02737,220.2688,220.2688
1.17608,0.02912,220.1504,220.1504
1.17608,0.03099,220.1245,220.1245
1.17608,0.03297,220.2110,220.2110
1.17608,0.03508,220.4327,220.4327
1.17608,0.03733,220.8165,220.8165
1.17608,0.03972,221.3933,221.3933
1.17608,0.04226,222.1992,222.1992
1.17608,0.04496,223.2758,223.2758
1.17608,0.04784,224.6714,224.6714
1.17608,0.05090,226.4419,226.4419
1.17608,0.05416,228.6520,228.6520
1.17608,0.05763,231.3766,231.3766
1.17608,0.06131,234.7022,234.7022
1.17608,0.06524,238.7290,238.7290
1.17608,0.06941,243.5729,243.5729
1.17608,0.07386,249.3681,249.3681
1.17608,0.07858,256.2700,256.2700
1.17608,0.08361,264.4584,264.4584
1.17608,0.08896,274.1419,274.1419
1.17608,0.09466,285.5623,285.5623
1.17608,0.10072,299.0003,299.0003
1.17608,0.10716,314.7817,314.7817
1.17608,0.11402,333.2856,333.2856
1.17608,0.12132,354.9534,354.9534
1.17608,0.12909,380.2990,380.2990
1.17608,0.13735,409.9228,409.9228
1.17608,0.14614,444.5262,444.5262
1.17608,0.15549,484.9305,484.9305
1.17608,0.16544,532.0991,532.0991
1.17608,0.17603,587.1642,587.1642
1.17608,0.18730,651.4597,651.4597
1.17608,0.19929,726.5603,726.5603
1.17608,0.21204,814.3301,814.3301
1.17608,0.22561,916.9824,916.9824
1.17608,0.24005,1037.1525,1037.1525
1.17608,0.25542,1177.9897,1177.9897
1.17608,0.27177,1343.2709,1343.2709
1.17608,0.28916,1537.5439,1537.5439
1.17608,0.30767,1766.3097,1766.3097
1.17608,0.32736,2036.2539,2036.2539
1.17608,0.34831,2355.5457,2355.5457
1.17608,0.37060,2734.2258,2734.2258
1.17608,0.39432,3184.7160,3184.7160
1.17608,0.41956,3722.4948,3722.4948
1.17608,0.44642,4367.0058,4367.0058
1.17608,0.47499,5142.8950,5142.8950
1.17608,0.50539,6081.7217,6081.7217
1.17608,0.53774,7224.3685,7224.3685
1.17608,0.57215,8624.5008,8624.5008
1.17608,0.60877,10353.6536,10353.6536
1.17608,0.64774,12508.9129,12508.9129
1.17608,0.68919,15224.9000,15224.9000
1.17608,0.73330,18693.2249,18693.2249
1.17608,0.78024,23195.6687,23195.6687
1.17608,0.83018,29164.5794,29164.5794
1.17608,0.88331,37303.0439,37303.0439
1.17608,0.93985,48858.2509,48858.2509
1.17608,1.00000,66409.7273,66409.7273
1.20017,0.00400,230.5546,230.5546
1.20017,0.00426,230.3739,230.3739
1.20017,0.00453,230.1836,230.1836
1.20017,0.00482,229.9833,229.9833
1.20017,0.00513,229.7727,229.7727
1.20017,0.00545,229.5513,229.5513
1.20017,0.00580,229.3190,229.3190
1.20017,0.00618,229.0755,229.0755
1.20017,0.00657,228.8204,228.8204
1.20017,0.00699,228.5536,228.5536
1.20017,0.00744,228.2750,228.2750
1.20017,0.00791,227.9846,227.9846
1.20017,0.00842,227.6823,227.6823
1.20017,0.00896,227.3682,227.3682
1.20017,0.00953,227.0428,227.0428
1.20017,0.01014,226.7063,226.7063
1.20017,0.01079,226.3595,226.3595
1.20017,0.01148,226.0032,226.0032
1.20017,0.01222,225.6383,225.6383
1.20017,0.01300,225.2664,225.2664
1.20017,0.01383,224.8892,224.8892
1.20017,0.01472,224.5088,224.5088
1.20017,0.01566,224.1279,224.1279
1.20017,0.01666,223.7496,223.7496
1.20017,0.01773,223.3777,223.3777
1.20017,0.01886,223.0169,223.0169
1.20017,0.02007,222.6726,222.6726
1.20017,0.02136,222.3512,222.3512
1.20017,0.02272,222.0604,222.0604
1.20017,0.02418,221.8090,221.8090
1.20017,0.02572,221.6075,221.6075
1.20017,0.02737,221.4682,221.4682
1.20017,0.02912,221.4055,221.4055
1.20017,0.03099,221.4359,221.4359
1.20017,0.03297,221.5790,221.5790
1.20017,0.03508,221.8573,221.8573
1.20017,0.03733,222.2969,222.2969
1.20017,0.03972,222.9282,222.9282
1.20017,0.04226,223.7866,223.7866
1.20017,0.04496,224.9126,224.9126
1.20017,0.04784,226.3535,226.3535
1.20017,0.05090,228.1638,228.1638
1.20017,0.05416,230.4068,230.4068
1.20017,0.05763,233.1554,233.1554
1.20017,0.06131,236.4940,236.4940
1.20017,0.06524,240.5203,240.5203
1.20017,0.06941,245.3471,245.3471
1.20017,0.07386,251.1053,251.1053
1.20017,0.07858,257.9458,257.9458
1.20017,0.08361,266.0439,266.0439
1.20017,0.08896,275.6022,275.6022
1.20017,0.09466,286.8561,286.8561
1.20017,0.10072,300.0781,300.0781
1.20017,0.10716,315.5851,315.5851
1.20017,0.11402,333.7453,333.7453
1.20017,0.12132,354.9870,354.9870
1.20017,0.12909,379.8095,379.8095
1.20017,0.13735,408.7951,408.7951
1.20017,0.14614,442.6245,442.6245
1.20017,0.15549,482.0940,482.0940
1.20017,0.16544,528.1378,528.1378
1.20017,0.17603,581.8532,581.8532
1.20017,0.18730,644.5322,644.5322
1.20017,0.19929,717.7002,717.7002
1.20017,0.21204,803.1618,803.1618
1.20017,0.22561,903.0586,903.0586
1.20017,0.24005,1019.9403,1019.9403
1.20017,0.25542,1156.8515,1156.8515
1.20017,0.27177,1317.4426,1317.4426
1.20017,0.28916,1506.1067,1506.1067
1.20017,0.30767,1728.1544,1728.1544
1.20017,0.32736,1990.0364,1990.0364
1.20017,0.34831,2299.6300,2299.6300
1.20017,0.37060,2666.6100,2666.6100
1.20017,0.39432,3102.9361,3102.9361
1.20017,0.41956,3623.4985,3623.4985
1.20017,0.44642,4246.9832,4246.9832
1.20017,0.47499,4997.0499,4997.0499
1.20017,0.50539,5903.9575,5903.9575
1.20017,0.53774,7006.8466,7006.8466
1.20017,0.57215,8357.0100,8357.0100
1.20017,0.60877,10022.6827,10022.6827
1.20017,0.64774,12096.2478,12096.2478
1.20017,0.68919,14705.4220,14705.4220
1.20017,0.73330,18031.2917,18031.2917
1.20017,0.78024,22338.8073,22338.8073
1.20017,0.83018,28031.5767,28031.5767
1.20017,0.88331,35758.7322,35758.7322
1.20017,0.93985,46649.5439,46649.5439
1.20017,1.00000,62938.2552,62938.2552
