3.16228,0.00400,233.7743,233.7743
3.16228,0.00448,233.7941,233.7941
3.16228,0.00501,233.8163,233.8163
3.16228,0.00561,233.8411,233.8411
3.16228,0.00628,233.8690,233.8690
3.16228,0.00703,233.9002,233.9002
3.16228,0.00786,233.9352,233.9352
3.16228,0.00880,233.9745,233.9745
3.16228,0.00985,234.0186,234.0186
3.16228,0.01103,234.0681,234.0681
3.16228,0.01234,234.1236,234.1236
3.16228,0.01382,234.1861,234.1861
3.16228,0.01546,234.2562,234.2562
3.16228,0.01731,234.3351,234.3351
3.16228,0.01937,234.4239,234.4239
3.16228,0.02168,234.5237,234.5237
3.16228,0.02427,234.6363,234.6363
3.16228,0.02716,234.7631,234.7631
3.16228,0.03040,234.9062,234.9062
3.16228,0.03403,235.0677,235.0677
3.16228,0.03809,235.2504,235.2504
3.16228,0.04263,235.4571,235.4571
3.16228,0.04772,235.6914,235.6914
3.16228,0.05341,235.9573,235.9573
3.16228,0.05978,236.2595,236.2595
3.16228,0.06691,236.6037,236.6037
3.16228,0.07489,236.9965,236.9965
3.16228,0.08383,237.4459,237.4459
3.16228,0.09382,237.9611,237.9611
3.16228,0.10501,238.5537,238.5537
3.16228,0.11754,239.2374,239.2374
3.16228,0.13156,240.0290,240.0290
3.16228,0.14725,240.9493,240.9493
3.16228,0.16482,242.0239,242.0239
3.16228,0.18447,243.2852,243.2852
3.16228,0.20648,244.7739,244.7739
3.16228,0.23111,246.5421,246.5421
3.16228,0.25867,248.6574,248.6574
3.16228,0.28953,251.2084,251.2084
3.16228,0.32406,254.3131,254.3131
3.16228,0.36271,258.1310,258.1310
3.16228,0.40598,262.8816,262.8816
3.16228,0.45440,268.8740,268.8740
3.16228,0.50860,276.5523,276.5523
3.16228,0.56926,286.5735,286.5735
3.16228,0.63716,299.9390,299.9390
3.16228,0.71316,318.2344,318.2344
3.16228,0.79822,344.0838,344.0838
3.16228,0.89343,382.0759,382.0759
3.16228,1.00000,440.7961,440.7961
3.22704,0.00400,233.7975,233.7975
3.22704,0.00448,233.8200,233.8200
3.22704,0.00501,233.8452,233.8452
3.22704,0.00561,233.8735,233.8735
3.22704,0.00628,233.9052,233.9052
3.22704,0.00703,233.9407,233.9407
3.22704,0.00786,233.9806,233.9806
3.22704,0.00880,234.0253,234.0253
3.22704,0.00985,234.0754,234.0754
3.22704,0.01103,234.1316,234.1316
3.22704,0.01234,234.1947,234.1947
3.22704,0.01382,234.2656,234.2656
3.22704,0.01546,234.3451,234.3451
3.22704,0.01731,234.4345,234.4345
3.22704,0.01937,234.5350,234.5350
3.22704,0.02168,234.6480,234.6480
3.22704,0.02427,234.7751,234.7751
3.22704,0.02716,234.9182,234.9182
3.22704,0.03040,235.0795,235.0795
3.22704,0.03403,235.2614,235.2614
3.22704,0.03809,235.4666,235.4666
3.22704,0.04263,235.6985,235.6985
3.22704,0.04772,235.9608,235.9608
3.22704,0.05341,236.2578,236.2578
3.22704,0.05978,236.5946,236.5946
3.22704,0.06691,236.9771,236.9771
3.22704,0.07489,237.4124,237.4124
3.22704,0.08383,237.9086,237.9086
3.22704,0.09382,238.4755,238.4755
3.22704,0.10501,239.1250,239.1250
3.22704,0.11754,239.8711,239.8711
3.22704,0.13156,240.7307,240.7307
3.22704,0.14725,241.7250,241.7250
3.22704,0.16482,242.8794,242.8794
3.22704,0.18447,244.2258,244.2258
3.22704,0.20648,245.8045,245.8045
3.22704,0.23111,247.6660,247.6660
3.22704,0.25867,249.8758,249.8758
3.22704,0.28953,252.5185,252.5185
3.22704,0.32406,255.7065,255.7065
3.22704,0.36271,259.5900,259.5900
3.22704,0.40598,264.3747,264.3747
3.22704,0.45440,270.3477,270.3477
3.22704,0.50860,277.9191,277.9191
3.22704,0.56926,287.6913,287.6913
3.22704,0.63716,300.5778,300.5778
3.22704,0.71316,318.0170,318.0170
3.22704,0.79822,342.3791,342.3791
3.22704,0.89343,377.7956,377.7956
3.22704,1.00000,431.9812,431.9812
3.29313,0.00400,233.7724,233.7724
3.29313,0.00448,233.7919,233.7919
3.29313,0.00501,233.8137,233.8137
3.29313,0.00561,233.8382,233.8382
3.29313,0.00628,233.8657,233.8657
3.29313,0.00703,233.8965,233.8965
3.29313,0.00786,233.9310,233.9310
3.29313,0.00880,233.9696,233.9696
3.29313,0.00985,234.0130,234.0130
3.29313,0.01103,234.0617,234.0617
3.29313,0.01234,234.1163,234.1163
3.29313,0.01382,234.1776,234.1776
3.29313,0.01546,234.2464,234.2464
3.29313,0.01731,234.3237,234.3237
3.29313,0.01937,234.4106,234.4106
3.29313,0.02168,234.5083,234.5083
3.29313,0.02427,234.6181,234.6181
3.29313,0.02716,234.7418,234.7418
3.29313,0.03040,234.8810,234.8810
3.29313,0.03403,235.0380,235.0380
3.29313,0.03809,235.2151,235.2151
3.29313,0.04263,235.4150,235.4150
3.29313,0.04772,235.6410,235.6410
3.29313,0.05341,235.8968,235.8968
3.29313,0.05978,236.1866,236.1866
3.29313,0.06691,236.5155,236.5155
3.29313,0.07489,236.8895,236.8895
3.29313,0.08383,237.3153,237.3153
3.29313,0.09382,237.8014,237.8014
3.29313,0.10501,238.3575,238.3575
3.29313,0.11754,238.9955,238.9955
3.29313,0.13156,239.7296,239.7296
3.29313,0.14725,240.5773,240.5773
3.29313,0.16482,241.5598,241.5598
3.29313,0.18447,242.7036,242.7036
3.29313,0.20648,244.0420,244.0420
3.29313,0.23111,245.6167,245.6167
3.29313,0.25867,247.4816,247.4816
3.29313,0.28953,249.7063,249.7063
3.29313,0.32406,252.3828,252.3828
3.29313,0.36271,255.6341,255.6341
3.29313,0.40598,259.6283,259.6283
3.29313,0.45440,264.5994,264.5994
3.29313,0.50860,270.8819,270.8819
3.29313,0.56926,278.9665,278.9665
3.29313,0.63716,289.5974,289.5974
3.29313,0.71316,303.9480,303.9480
3.29313,0.79822,323.9552,323.9552
3.29313,0.89343,353.0073,353.0073
3.29313,1.00000,397.4633,397.4633
3.36058,0.00400,233.7057,233.7057
3.36058,0.00448,233.7173,233.7173
3.36058,0.00501,233.7302,233.7302
3.36058,0.00561,233.7447,233.7447
3.36058,0.00628,233.7609,233.7609
3.36058,0.00703,233.7791,233.7791
3.36058,0.00786,233.7995,233.7995
3.36058,0.00880,233.8224,233.8224
3.36058,0.00985,233.8481,233.8481
3.36058,0.01103,233.8769,233.8769
3.36058,0.01234,233.9093,233.9093
3.36058,0.01382,233.9456,233.9456
3.36058,0.01546,233.9864,233.9864
3.36058,0.01731,234.0323,234.0323
3.36058,0.01937,234.0839,234.0839
3.36058,0.02168,234.1419,234.1419
3.36058,0.02427,234.2073,234.2073
3.36058,0.02716,234.2808,234.2808
3.36058,0.03040,234.3638,234.3638
3.36058,0.03403,234.4574,234.4574
3.36058,0.03809,234.5631,234.5631
3.36058,0.04263,234.6826,234.6826
3.36058,0.04772,234.8179,234.8179
3.36058,0.05341,234.9713,234.9713
3.36058,0.05978,235.1454,235.1454
3.36058,0.06691,235.3434,235.3434
3.36058,0.07489,235.5689,235.5689
3.36058,0.08383,235.8265,235.8265
3.36058,0.09382,236.1212,236.1212
3.36058,0.10501,236.4595,236.4595
3.36058,0.11754,236.8488,236.8488
3.36058,0.13156,237.2985,237.2985
3.36058,0.14725,237.8198,237.8198
3.36058,0.16482,238.4268,238.4268
3.36058,0.18447,239.1369,239.1369
3.36058,0.20648,239.9724,239.9724
3.36058,0.23111,240.9613,240.9613
3.36058,0.25867,242.1400,242.1400
3.36058,0.28953,243.5563,243.5563
3.36058,0.32406,245.2736,245.2736
3.36058,0.36271,247.3774,247.3774
3.36058,0.40598,249.9859,249.9859
3.36058,0.45440,253.2653,253.2653
3.36058,0.50860,257.4552,257.4552
3.36058,0.56926,262.9112,262.9112
3.36058,0.63716,270.1788,270.1788
3.36058,0.71316,280.1284,280.1284
3.36058,0.79822,294.2159,294.2159
3.36058,0.89343,315.0257,315.0257
3.36058,1.00000,347.4871,347.4871
3.42941,0.00400,233.6170,233.6170
3.42941,0.00448,233.6179,233.6179
3.42941,0.00501,233.6189,233.6189
3.42941,0.00561,233.6201,233.6201
3.42941,0.00628,233.6214,233.6214
3.42941,0.00703,233.6229,233.6229
3.42941,0.00786,233.6246,233.6246
3.42941,0.00880,233.6265,233.6265
3.42941,0.00985,233.6287,233.6287
3.42941,0.01103,233.6311,233.6311
3.42941,0.01234,233.6339,233.6339
3.42941,0.01382,233.6372,233.6372
3.42941,0.01546,233.6408,233.6408
3.42941,0.01731,233.6450,233.6450
3.42941,0.01937,233.6499,233.6499
3.42941,0.02168,233.6555,233.6555
3.42941,0.02427,233.6619,233.6619
3.42941,0.02716,233.6693,233.6693
3.42941,0.03040,233.6780,233.6780
3.42941,0.03403,233.6881,233.6881
3.42941,0.03809,233.6998,233.6998
3.42941,0.04263,233.7137,233.7137
3.42941,0.04772,233.7299,233.7299
3.42941,0.05341,233.7492,233.7492
3.42941,0.05978,233.7720,233.7720
3.42941,0.06691,233.7993,233.7993
3.42941,0.07489,233.8319,233.8319
3.42941,0.08383,233.8712,233.8712
3.42941,0.09382,233.9186,233.9186
3.42941,0.10501,233.9764,233.9764
3.42941,0.11754,234.0469,234.0469
3.42941,0.13156,234.1335,234.1335
3.42941,0.14725,234.2404,234.2404
3.42941,0.16482,234.3734,234.3734
3.42941,0.18447,234.5396,234.5396
3.42941,0.20648,234.7490,234.7490
3.42941,0.23111,235.0144,235.0144
3.42941,0.25867,235.3535,235.3535
3.42941,0.28953,235.7906,235.7906
3.42941,0.32406,236.3590,236.3590
3.42941,0.36271,237.1061,237.1061
3.42941,0.40598,238.0995,238.0995
3.42941,0.45440,239.4381,239.4381
3.42941,0.50860,241.2700,241.2700
3.42941,0.56926,243.8224,243.8224
3.42941,0.63716,247.4565,247.4565
3.42941,0.71316,252.7676,252.7676
3.42941,0.79822,260.7851,260.7851
3.42941,0.89343,273.3954,273.3954
3.42941,1.00000,294.3131,294.3131
3.49964,0.00400,233.5326,233.5326
3.49964,0.00448,233.5234,233.5234
3.49964,0.00501,233.5132,233.5132
3.49964,0.00561,233.5017,233.5017
3.49964,0.00628,233.4888,233.4888
3.49964,0.00703,233.4745,233.4745
3.49964,0.00786,233.4584,233.4584
3.49964,0.00880,233.4404,233.4404
3.49964,0.00985,233.4202,233.4202
3.49964,0.01103,233.3977,233.3977
3.49964,0.01234,233.3724,233.3724
3.49964,0.01382,233.3442,233.3442
3.49964,0.01546,233.3127,233.3127
3.49964,0.01731,233.2773,233.2773
3.49964,0.01937,233.2379,233.2379
3.49964,0.02168,233.1937,233.1937
3.49964,0.02427,233.1443,233.1443
3.49964,0.02716,233.0891,233.0891
3.49964,0.03040,233.0273,233.0273
3.49964,0.03403,232.9583,232.9583
3.49964,0.03809,232.8812,232.8812
3.49964,0.04263,232.7950,232.7950
3.49964,0.04772,232.6987,232.6987
3.49964,0.05341,232.5912,232.5912
3.49964,0.05978,232.4712,232.4712
3.49964,0.06691,232.3374,232.3374
3.49964,0.07489,232.1881,232.1881
3.49964,0.08383,232.0218,232.0218
3.49964,0.09382,231.8366,231.8366
3.49964,0.10501,231.6307,231.6307
3.49964,0.11754,231.4021,231.4021
3.49964,0.13156,231.1485,231.1485
3.49964,0.14725,230.8680,230.8680
3.49964,0.16482,230.5584,230.5584
3.49964,0.18447,230.2181,230.2181
3.49964,0.20648,229.8457,229.8457
3.49964,0.23111,229.4409,229.4409
3.49964,0.25867,229.0047,229.0047
3.49964,0.28953,228.5407,228.5407
3.49964,0.32406,228.0564,228.0564
3.49964,0.36271,227.5660,227.5660
3.49964,0.40598,227.0938,227.0938
3.49964,0.45440,226.6818,226.6818
3.49964,0.50860,226.4009,226.4009
3.49964,0.56926,226.3716,226.3716
3.49964,0.63716,226.8028,226.8028
3.49964,0.71316,228.0649,228.0649
3.49964,0.79822,230.8409,230.8409
3.49964,0.89343,236.4554,236.4554
3.49964,1.00000,247.6476,247.6476
3.57132,0.00400,233.4779,233.4779
3.57132,0.00448,233.4622,233.4622
3.57132,0.00501,233.4446,233.4446
3.57132,0.00561,233.4249,233.4249
3.57132,0.00628,233.4029,233.4029
3.57132,0.00703,233.3782,233.3782
3.57132,0.00786,233.3506,233.3506
3.57132,0.00880,233.3197,233.3197
3.57132,0.00985,233.2850,233.2850
3.57132,0.01103,233.2463,233.2463
3.57132,0.01234,233.2029,233.2029
3.57132,0.01382,233.1542,233.1542
3.57132,0.01546,233.0998,233.0998
3.57132,0.01731,233.0388,233.0388
3.57132,0.01937,232.9706,232.9706
3.57132,0.02168,232.8941,232.8941
3.57132,0.02427,232.8084,232.8084
3.57132,0.02716,232.7125,232.7125
3.57132,0.03040,232.6050,232.6050
3.57132,0.03403,232.4845,232.4845
3.57132,0.03809,232.3496,232.3496
3.57132,0.04263,232.1983,232.1983
3.57132,0.04772,232.0288,232.0288
3.57132,0.05341,231.8387,231.8387
3.57132,0.05978,231.6256,231.6256
3.57132,0.06691,231.3867,231.3867
3.57132,0.07489,231.1187,231.1187
3.57132,0.08383,230.8180,230.8180
3.57132,0.09382,230.4808,230.4808
3.57132,0.10501,230.1022,230.1022
3.57132,0.11754,229.6774,229.6774
3.57132,0.13156,229.2005,229.2005
3.57132,0.14725,228.6651,228.6651
3.57132,0.16482,228.0640,228.0640
3.57132,0.18447,227.3892,227.3892
3.57132,0.20648,226.6317,226.6317
3.57132,0.23111,225.7819,225.7819
3.57132,0.25867,224.8293,224.8293
3.57132,0.28953,223.7630,223.7630
3.57132,0.32406,222.5720,222.5720
3.57132,0.36271,221.2465,221.2465
3.57132,0.40598,219.7797,219.7797
3.57132,0.45440,218.1714,218.1714
3.57132,0.50860,216.4350,216.4350
3.57132,0.56926,214.6097,214.6097
3.57132,0.63716,212.7865,212.7865
3.57132,0.71316,211.1574,211.1574
3.57132,0.79822,210.1237,210.1237
3.57132,0.89343,210.5370,210.5370
3.57132,1.00000,214.2820,214.2820
3.64446,0.00400,233.4683,233.4683
3.64446,0.00448,233.4515,233.4515
3.64446,0.00501,233.4326,233.4326
3.64446,0.00561,233.4115,233.4115
3.64446,0.00628,233.3878,233.3878
3.64446,0.00703,233.3613,233.3613
3.64446,0.00786,233.3317,233.3317
3.64446,0.00880,233.2984,233.2984
3.64446,0.00985,233.2612,233.2612
3.64446,0.01103,233.2196,233.2196
3.64446,0.01234,233.1729,233.1729
3.64446,0.01382,233.1207,233.1207
3.64446,0.01546,233.0621,233.0621
3.64446,0.01731,232.9966,232.9966
3.64446,0.01937,232.9231,232.9231
3.64446,0.02168,232.8408,232.8408
3.64446,0.02427,232.7485,232.7485
3.64446,0.02716,232.6452,232.6452
3.64446,0.03040,232.5293,232.5293
3.64446,0.03403,232.3993,232.3993
3.64446,0.03809,232.2536,232.2536
3.64446,0.04263,232.0902,232.0902
3.64446,0.04772,231.9069,231.9069
3.64446,0.05341,231.7011,231.7011
3.64446,0.05978,231.4702,231.4702
3.64446,0.06691,231.2108,231.2108
3.64446,0.07489,230.9195,230.9195
3.64446,0.08383,230.5921,230.5921
3.64446,0.09382,230.2241,230.2241
3.64446,0.10501,229.8101,229.8101
3.64446,0.11754,229.3442,229.3442
3.64446,0.13156,228.8196,228.8196
3.64446,0.14725,228.2285,228.2285
3.64446,0.16482,227.5620,227.5620
3.64446,0.18447,226.8101,226.8101
3.64446,0.20648,225.9612,225.9612
3.64446,0.23111,225.0021,225.0021
3.64446,0.25867,223.9179,223.9179
3.64446,0.28953,222.6915,222.6915
3.64446,0.32406,221.3042,221.3042
3.64446,0.36271,219.7350,219.7350
3.64446,0.40598,217.9618,217.9618
3.64446,0.45440,215.9625,215.9625
3.64446,0.50860,213.7184,213.7184
3.64446,0.56926,211.2205,211.2205
3.64446,0.63716,208.4844,208.4844
3.64446,0.71316,205.5801,205.5801
3.64446,0.79822,202.7002,202.7002
3.64446,0.89343,200.3184,200.3184
3.64446,1.00000,199.5760,199.5760
3.71910,0.00400,233.5040,233.5040
3.71910,0.00448,233.4914,233.4914
3.71910,0.00501,233.4773,233.4773
3.71910,0.00561,233.4615,233.4615
3.71910,0.00628,233.4438,233.4438
3.71910,0.00703,233.4240,233.4240
3.71910,0.00786,233.4018,233.4018
3.71910,0.00880,233.3770,233.3770
3.71910,0.00985,233.3492,233.3492
3.71910,0.01103,233.3180,233.3180
3.71910,0.01234,233.2832,233.2832
3.71910,0.01382,233.2441,233.2441
3.71910,0.01546,233.2003,233.2003
3.71910,0.01731,233.1513,233.1513
3.71910,0.01937,233.0964,233.0964
3.71910,0.02168,233.0348,233.0348
3.71910,0.02427,232.9659,232.9659
3.71910,0.02716,232.8886,232.8886
3.71910,0.03040,232.8019,232.8019
3.71910,0.03403,232.7047,232.7047
3.71910,0.03809,232.5958,232.5958
3.71910,0.04263,232.4735,232.4735
3.71910,0.04772,232.3364,232.3364
3.71910,0.05341,232.1825,232.1825
3.71910,0.05978,232.0096,232.0096
3.71910,0.06691,231.8156,231.8156
3.71910,0.07489,231.5975,231.5975
3.71910,0.08383,231.3525,231.3525
3.71910,0.09382,231.0769,231.0769
3.71910,0.10501,230.7669,230.7669
3.71910,0.11754,230.4179,230.4179
3.71910,0.13156,230.0247,230.0247
3.71910,0.14725,229.5816,229.5816
3.71910,0.16482,229.0817,229.0817
3.71910,0.18447,228.5175,228.5175
3.71910,0.20648,227.8800,227.8800
3.71910,0.23111,227.1593,227.1593
3.71910,0.25867,226.3437,226.3437
3.71910,0.28953,225.4202,225.4202
3.71910,0.32406,224.3739,224.3739
3.71910,0.36271,223.1882,223.1882
3.71910,0.40598,221.8451,221.8451
3.71910,0.45440,220.3258,220.3258
3.71910,0.50860,218.6126,218.6126
3.71910,0.56926,216.6931,216.6931
3.71910,0.63716,214.5691,214.5691
3.71910,0.71316,212.2756,212.2756
3.71910,0.79822,209.9244,209.9244
3.71910,0.89343,207.8048,207.8048
3.71910,1.00000,206.6247,206.6247
3.79527,0.00400,233.5697,233.5697
3.79527,0.00448,233.5649,233.5649
3.79527,0.00501,233.5596,233.5596
3.79527,0.00561,233.5536,233.5536
3.79527,0.00628,233.5470,233.5470
3.79527,0.00703,233.5395,233.5395
3.79527,0.00786,233.5312,233.5312
3.79527,0.00880,233.5218,233.5218
3.79527,0.00985,233.5113,233.5113
3.79527,0.01103,233.4996,233.4996
3.79527,0.01234,233.4865,233.4865
3.79527,0.01382,233.4718,233.4718
3.79527,0.01546,233.4554,233.4554
3.79527,0.01731,233.4370,233.4370
3.79527,0.01937,233.4164,233.4164
3.79527,0.02168,233.3934,233.3934
3.79527,0.02427,233.3676,233.3676
3.79527,0.02716,233.3387,233.3387
3.79527,0.03040,233.3064,233.3064
3.79527,0.03403,233.2702,233.2702
3.79527,0.03809,233.2298,233.2298
3.79527,0.04263,233.1845,233.1845
3.79527,0.04772,233.1338,233.1338
3.79527,0.05341,233.0770,233.0770
3.79527,0.05978,233.0135,233.0135
3.79527,0.06691,232.9425,232.9425
3.79527,0.07489,232.8630,232.8630
3.79527,0.08383,232.7740,232.7740
3.79527,0.09382,232.6746,232.6746
3.79527,0.10501,232.5634,232.5634
3.79527,0.11754,232.4391,232.4391
3.79527,0.13156,232.3003,232.3003
3.79527,0.14725,232.1454,232.1454
3.79527,0.16482,231.9726,231.9726
3.79527,0.18447,231.7802,231.7802
3.79527,0.20648,231.5663,231.5663
3.79527,0.23111,231.3291,231.3291
3.79527,0.25867,231.0668,231.0668
3.79527,0.28953,230.7784,230.7784
3.79527,0.32406,230.4632,230.4632
3.79527,0.36271,230.1223,230.1223
3.79527,0.40598,229.7592,229.7592
3.79527,0.45440,229.3819,229.3819
3.79527,0.50860,229.0063,229.0063
3.79527,0.56926,228.6620,228.6620
3.79527,0.63716,228.4035,228.4035
3.79527,0.71316,228.3319,228.3319
3.79527,0.79822,228.6381,228.6381
3.79527,0.89343,229.6971,229.6971
3.79527,1.00000,232.2737,232.2737
