0.00010,0.00100,50.3919
0.00010,0.00119,50.3919
0.00010,0.00143,50.3919
0.00010,0.00170,50.3918
0.00010,0.00203,50.3918
0.00010,0.00242,50.3918
0.00010,0.00289,50.3918
0.00010,0.00346,50.3918
0.00010,0.00412,50.3917
0.00010,0.00492,50.3917
0.00010,0.00588,50.3917
0.00010,0.00702,50.3917
0.00010,0.00838,50.3917
0.00010,0.01000,50.3917
0.00010,0.01194,50.3918
0.00010,0.01425,50.3919
0.00010,0.01701,50.3921
0.00010,0.02031,50.3924
0.00010,0.02424,50.3930
0.00010,0.02894,50.3938
0.00010,0.03455,50.3952
0.00010,0.04125,50.3971
0.00010,0.04924,50.4001
0.00010,0.05878,50.4044
0.00010,0.07017,50.4108
0.00010,0.08377,50.4202
0.00010,0.10000,50.4340
0.00010,0.11938,50.4541
0.00010,0.14251,50.4835
0.00010,0.17013,50.5265
0.00010,0.20309,50.5895
0.00010,0.24245,50.6822
0.00010,0.28943,50.8194
0.00010,0.34551,51.0238
0.00010,0.41246,51.3321
0.00010,0.49239,51.8050
0.00010,0.58780,52.5506
0.00010,0.70170,53.7851
0.00010,0.83768,56.0602
0.00010,1.00000,64.7387
0.00012,0.00100,50.3923
0.00012,0.00119,50.3923
0.00012,0.00143,50.3924
0.00012,0.00170,50.3925
0.00012,0.00203,50.3926
0.00012,0.00242,50.3927
0.00012,0.00289,50.3929
0.00012,0.00346,50.3931
0.00012,0.00412,50.3933
0.00012,0.00492,50.3936
0.00012,0.00588,50.3940
0.00012,0.00702,50.3945
0.00012,0.00838,50.3950
0.00012,0.01000,50.3957
0.00012,0.01194,50.3966
0.00012,0.01425,50.3977
0.00012,0.01701,50.3991
0.00012,0.02031,50.4009
0.00012,0.02424,50.4032
0.00012,0.02894,50.4062
0.00012,0.03455,50.4102
0.00012,0.04125,50.4155
0.00012,0.04924,50.4226
0.00012,0.05878,50.4321
0.00012,0.07017,50.4450
0.00012,0.08377,50.4626
0.00012,0.10000,50.4869
0.00012,0.11938,50.5207
0.00012,0.14251,50.5677
0.00012,0.17013,50.6339
0.00012,0.20309,50.7276
0.00012,0.24245,50.8611
0.00012,0.28943,51.0531
0.00012,0.34551,51.3319
0.00012,0.41246,51.7418
0.00012,0.49239,52.3551
0.00012,0.58780,53.2968
0.00012,0.70170,54.8096
0.00012,0.83768,57.4918
0.00012,1.00000,66.9248
0.00015,0.00100,50.3928
0.00015,0.00119,50.3930
0.00015,0.00143,50.3932
0.00015,0.00170,50.3935
0.00015,0.00203,50.3938
0.00015,0.00242,50.3941
0.00015,0.00289,50.3946
0.00015,0.00346,50.3951
0.00015,0.00412,50.3957
0.00015,0.00492,50.3965
0.00015,0.00588,50.3974
0.00015,0.00702,50.3986
0.00015,0.00838,50.4000
0.00015,0.01000,50.4017
0.00015,0.01194,50.4038
0.00015,0.01425,50.4063
0.00015,0.01701,50.4096
0.00015,0.02031,50.4136
0.00015,0.02424,50.4186
0.00015,0.02894,50.4251
0.00015,0.03455,50.4333
0.00015,0.04125,50.4438
0.00015,0.04924,50.4575
0.00015,0.05878,50.4754
0.00015,0.07017,50.4990
0.00015,0.08377,50.5305
0.00015,0.10000,50.5727
0.00015,0.11938,50.6298
0.00015,0.14251,50.7076
0.00015,0.17013,50.8147
0.00015,0.20309,50.9630
0.00015,0.24245,51.1704
0.00015,0.28943,51.4628
0.00015,0.34551,51.8790
0.00015,0.41246,52.4784
0.00015,0.49239,53.3551
0.00015,0.58780,54.6662
0.00015,0.70170,56.7029
0.00015,0.83768,60.1457
0.00015,1.00000,70.9063
0.00018,0.00100,50.3937
0.00018,0.00119,50.3940
0.00018,0.00143,50.3944
0.00018,0.00170,50.3949
0.00018,0.00203,50.3955
0.00018,0.00242,50.3962
0.00018,0.00289,50.3970
0.00018,0.00346,50.3981
0.00018,0.00412,50.3993
0.00018,0.00492,50.4008
0.00018,0.00588,50.4026
0.00018,0.00702,50.4047
0.00018,0.00838,50.4074
0.00018,0.01000,50.4106
0.00018,0.01194,50.4146
0.00018,0.01425,50.4194
0.00018,0.01701,50.4255
0.00018,0.02031,50.4330
0.00018,0.02424,50.4424
0.00018,0.02894,50.4542
0.00018,0.03455,50.4692
0.00018,0.04125,50.4884
0.00018,0.04924,50.5131
0.00018,0.05878,50.5452
0.00018,0.07017,50.5872
0.00018,0.08377,50.6425
0.00018,0.10000,50.7162
0.00018,0.11938,50.8151
0.00018,0.14251,50.9488
0.00018,0.17013,51.1311
0.00018,0.20309,51.3815
0.00018,0.24245,51.7282
0.00018,0.28943,52.2120
0.00018,0.34551,52.8928
0.00018,0.41246,53.8602
0.00018,0.49239,55.2514
0.00018,0.58780,57.2868
0.00018,0.70170,60.3519
0.00018,0.83768,65.2783
0.00018,1.00000,78.4829
0.00022,0.00100,50.3949
0.00022,0.00119,50.3955
0.00022,0.00143,50.3962
0.00022,0.00170,50.3970
0.00022,0.00203,50.3980
0.00022,0.00242,50.3993
0.00022,0.00289,50.4007
0.00022,0.00346,50.4025
0.00022,0.00412,50.4046
0.00022,0.00492,50.4071
0.00022,0.00588,50.4102
0.00022,0.00702,50.4140
0.00022,0.00838,50.4185
0.00022,0.01000,50.4241
0.00022,0.01194,50.4310
0.00022,0.01425,50.4395
0.00022,0.01701,50.4500
0.00022,0.02031,50.4631
0.00022,0.02424,50.4796
0.00022,0.02894,50.5004
0.00022,0.03455,50.5268
0.00022,0.04125,50.5606
0.00022,0.04924,50.6042
0.00022,0.05878,50.6611
0.00022,0.07017,50.7356
0.00022,0.08377,50.8342
0.00022,0.10000,50.9657
0.00022,0.11938,51.1424
0.00022,0.14251,51.3815
0.00022,0.17013,51.7077
0.00022,0.20309,52.1557
0.00022,0.24245,52.7751
0.00022,0.28943,53.6373
0.00022,0.34551,54.8458
0.00022,0.41246,56.5524
0.00022,0.49239,58.9837
0.00022,0.58780,62.4895
0.00022,0.70170,67.6458
0.00022,0.83768,75.5773
0.00022,1.00000,93.4902
0.00027,0.00100,50.3968
0.00027,0.00119,50.3977
0.00027,0.00143,50.3988
0.00027,0.00170,50.4002
0.00027,0.00203,50.4018
0.00027,0.00242,50.4038
0.00027,0.00289,50.4062
0.00027,0.00346,50.4090
0.00027,0.00412,50.4125
0.00027,0.00492,50.4167
0.00027,0.00588,50.4217
0.00027,0.00702,50.4280
0.00027,0.00838,50.4356
0.00027,0.01000,50.4449
0.00027,0.01194,50.4564
0.00027,0.01425,50.4707
0.00027,0.01701,50.4885
0.00027,0.02031,50.5109
0.00027,0.02424,50.5391
0.00027,0.02894,50.5751
0.00027,0.03455,50.6212
0.00027,0.04125,50.6807
0.00027,0.04924,50.7583
0.00027,0.05878,50.8600
0.00027,0.07017,50.9947
0.00027,0.08377,51.1743
0.00027,0.10000,51.4155
0.00027,0.11938,51.7420
0.00027,0.14251,52.1870
0.00027,0.17013,52.7973
0.00027,0.20309,53.6395
0.00027,0.24245,54.8084
0.00027,0.28943,56.4400
0.00027,0.34551,58.7297
0.00027,0.41246,61.9615
0.00027,0.49239,66.5521
0.00027,0.58780,73.1260
0.00027,0.70170,82.6600
0.00027,0.83768,96.8779
0.00027,1.00000,124.2604
0.00033,0.00100,50.3995
0.00033,0.00119,50.4009
0.00033,0.00143,50.4027
0.00033,0.00170,50.4049
0.00033,0.00203,50.4074
0.00033,0.00242,50.4106
0.00033,0.00289,50.4143
0.00033,0.00346,50.4189
0.00033,0.00412,50.4244
0.00033,0.00492,50.4311
0.00033,0.00588,50.4393
0.00033,0.00702,50.4494
0.00033,0.00838,50.4618
0.00033,0.01000,50.4771
0.00033,0.01194,50.4962
0.00033,0.01425,50.5200
0.00033,0.01701,50.5501
0.00033,0.02031,50.5882
0.00033,0.02424,50.6369
0.00033,0.02894,50.6995
0.00033,0.03455,50.7808
0.00033,0.04125,50.8870
0.00033,0.04924,51.0271
0.00033,0.05878,51.2131
0.00033,0.07017,51.4620
0.00033,0.08377,51.7976
0.00033,0.10000,52.2533
0.00033,0.11938,52.8761
0.00033,0.14251,53.7323
0.00033,0.17013,54.9161
0.00033,0.20309,56.5616
0.00033,0.24245,58.8602
0.00033,0.28943,62.0857
0.00033,0.34551,66.6326
0.00033,0.41246,73.0712
0.00033,0.49239,82.2326
0.00033,0.58780,95.3428
0.00033,0.70170,114.2562
0.00033,0.83768,141.9869
0.00033,1.00000,189.1882
0.00041,0.00100,50.4035
0.00041,0.00119,50.4058
0.00041,0.00143,50.4085
0.00041,0.00170,50.4118
0.00041,0.00203,50.4158
0.00041,0.00242,50.4207
0.00041,0.00289,50.4265
0.00041,0.00346,50.4337
0.00041,0.00412,50.4424
0.00041,0.00492,50.4531
0.00041,0.00588,50.4662
0.00041,0.00702,50.4825
0.00041,0.00838,50.5026
0.00041,0.01000,50.5278
0.00041,0.01194,50.5595
0.00041,0.01425,50.5996
0.00041,0.01701,50.6507
0.00041,0.02031,50.7163
0.00041,0.02424,50.8013
0.00041,0.02894,50.9121
0.00041,0.03455,51.0578
0.00041,0.04125,51.2510
0.00041,0.04924,51.5091
0.00041,0.05878,51.8564
0.00041,0.07017,52.3271
0.00041,0.08377,52.9691
0.00041,0.10000,53.8505
0.00041,0.11938,55.0672
0.00041,0.14251,56.7559
0.00041,0.17013,59.1111
0.00041,0.20309,62.4110
0.00041,0.24245,67.0545
0.00041,0.28943,73.6153
0.00041,0.34551,82.9224
0.00041,0.41246,96.1784
0.00041,0.49239,115.1389
0.00041,0.58780,142.3863
0.00041,0.70170,181.7719
0.00041,0.83768,239.2457
0.00041,1.00000,329.5035
0.00050,0.00100,50.4093
0.00050,0.00119,50.4128
0.00050,0.00143,50.4170
0.00050,0.00170,50.4221
0.00050,0.00203,50.4283
0.00050,0.00242,50.4358
0.00050,0.00289,50.4449
0.00050,0.00346,50.4561
0.00050,0.00412,50.4698
0.00050,0.00492,50.4868
0.00050,0.00588,50.5078
0.00050,0.00702,50.5341
0.00050,0.00838,50.5671
0.00050,0.01000,50.6088
0.00050,0.01194,50.6618
0.00050,0.01425,50.7299
0.00050,0.01701,50.8178
0.00050,0.02031,50.9324
0.00050,0.02424,51.0829
0.00050,0.02894,51.2821
0.00050,0.03455,51.5477
0.00050,0.04125,51.9048
0.00050,0.04924,52.3881
0.00050,0.05878,53.0468
0.00050,0.07017,53.9500
0.00050,0.08377,55.1960
0.00050,0.10000,56.9240
0.00050,0.11938,59.3328
0.00050,0.14251,62.7063
0.00050,0.17013,67.4516
0.00050,0.20309,74.1548
0.00050,0.24245,83.6619
0.00050,0.28943,97.2004
0.00050,0.34551,116.5585
0.00050,0.41246,144.3562
0.00050,0.49239,184.4550
0.00050,0.58780,242.5888
0.00050,0.70170,327.3468
0.00050,0.83768,451.7713
0.00050,1.00000,639.1166
0.00061,0.00100,50.4179
0.00061,0.00119,50.4232
0.00061,0.00143,50.4295
0.00061,0.00170,50.4373
0.00061,0.00203,50.4467
0.00061,0.00242,50.4582
0.00061,0.00289,50.4724
0.00061,0.00346,50.4898
0.00061,0.00412,50.5115
0.00061,0.00492,50.5384
0.00061,0.00588,50.5722
0.00061,0.00702,50.6149
0.00061,0.00838,50.6691
0.00061,0.01000,50.7385
0.00061,0.01194,50.8281
0.00061,0.01425,50.9446
0.00061,0.01701,51.0973
0.00061,0.02031,51.2992
0.00061,0.02424,51.5680
0.00061,0.02894,51.9287
0.00061,0.03455,52.4163
0.00061,0.04125,53.0800
0.00061,0.04924,53.9892
0.00061,0.05878,55.2423
0.00061,0.07017,56.9788
0.00061,0.08377,59.3980
0.00061,0.10000,62.7846
0.00061,0.11938,67.5475
0.00061,0.14251,74.2751
0.00061,0.17013,83.8186
0.00061,0.20309,97.4141
0.00061,0.24245,116.8661
0.00061,0.28943,144.8236
0.00061,0.34551,185.2019
0.00061,0.41246,243.8318
0.00061,0.49239,329.4731
0.00061,0.58780,455.4161
0.00061,0.70170,642.0247
0.00061,0.83768,920.6819
0.00061,1.00000,1336.0835
0.00074,0.00100,50.4302
0.00074,0.00119,50.4380
0.00074,0.00143,50.4476
0.00074,0.00170,50.4593
0.00074,0.00203,50.4736
0.00074,0.00242,50.4912
0.00074,0.00289,50.5129
0.00074,0.00346,50.5400
0.00074,0.00412,50.5739
0.00074,0.00492,50.6166
0.00074,0.00588,50.6707
0.00074,0.00702,50.7398
0.00074,0.00838,50.8288
0.00074,0.01000,50.9441
0.00074,0.01194,51.0949
0.00074,0.01425,51.2937
0.00074,0.01701,51.5578
0.00074,0.02031,51.9113
0.00074,0.02424,52.3881
0.00074,0.02894,53.0357
0.00074,0.03455,53.9211
0.00074,0.04125,55.1394
0.00074,0.04924,56.8254
0.00074,0.05878,59.1713
0.00074,0.07017,62.4522
0.00074,0.08377,67.0628
0.00074,0.10000,73.5720
0.00074,0.11938,82.8030
0.00074,0.14251,95.9530
0.00074,0.17013,114.7718
0.00074,0.20309,141.8336
0.00074,0.24245,180.9526
0.00074,0.28943,237.8280
0.00074,0.34551,321.0618
0.00074,0.41246,443.7897
0.00074,0.49239,626.3490
0.00074,0.58780,900.7273
0.00074,0.70170,1318.0829
0.00074,0.83768,1961.1086
0.00074,1.00000,2939.2885
0.00091,0.00100,50.4472
0.00091,0.00119,50.4587
0.00091,0.00143,50.4727
0.00091,0.00170,50.4900
0.00091,0.00203,50.5113
0.00091,0.00242,50.5377
0.00091,0.00289,50.5706
0.00091,0.00346,50.6119
0.00091,0.00412,50.6641
0.00091,0.00492,50.7304
0.00091,0.00588,50.8154
0.00091,0.00702,50.9251
0.00091,0.00838,51.0679
0.00091,0.01000,51.2553
0.00091,0.01194,51.5030
0.00091,0.01425,51.8333
0.00091,0.01701,52.2770
0.00091,0.02031,52.8773
0.00091,0.02424,53.6952
0.00091,0.02894,54.8170
0.00091,0.03455,56.3651
0.00091,0.04125,58.5138
0.00091,0.04924,61.5122
0.00091,0.05878,65.7181
0.00091,0.07017,71.6465
0.00091,0.08377,80.0431
0.00091,0.10000,91.9923
0.00091,0.11938,109.0798
0.00091,0.14251,133.6401
0.00091,0.17013,169.1353
0.00091,0.20309,220.7458
0.00091,0.24245,296.3052
0.00091,0.28943,407.8087
0.00091,0.34551,573.9015
0.00091,0.41246,824.0955
0.00091,0.49239,1206.1317
0.00091,0.58780,1799.2875
0.00091,0.70170,2739.2721
0.00091,0.83768,4265.2048
0.00091,1.00000,6722.4169
0.00111,0.00100,50.4690
0.00111,0.00119,50.4852
0.00111,0.00143,50.5052
0.00111,0.00170,50.5298
0.00111,0.00203,50.5604
0.00111,0.00242,50.5984
0.00111,0.00289,50.6462
0.00111,0.00346,50.7065
0.00111,0.00412,50.7832
0.00111,0.00492,50.8816
0.00111,0.00588,51.0086
0.00111,0.00702,51.1739
0.00111,0.00838,51.3909
0.00111,0.01000,51.6780
0.00111,0.01194,52.0609
0.00111,0.01425,52.5755
0.00111,0.01701,53.2722
0.00111,0.02031,54.2222
0.00111,0.02424,55.5261
0.00111,0.02894,57.3270
0.00111,0.03455,59.8293
0.00111,0.04125,63.3256
0.00111,0.04924,68.2369
0.00111,0.05878,75.1718
0.00111,0.07017,85.0144
0.00111,0.08377,99.0559
0.00111,0.10000,119.1956
0.00111,0.11938,148.2468
0.00111,0.14251,190.4149
0.00111,0.17013,252.0519
0.00111,0.20309,342.8731
0.00111,0.24245,477.9615
0.00111,0.28943,681.1625
0.00111,0.34551,991.0165
0.00111,0.41246,1471.5303
0.00111,0.49239,2232.6541
0.00111,0.58780,3471.4533
0.00111,0.70170,5560.6526
0.00111,0.83768,9252.9360
0.00111,1.00000,15917.1848
0.00136,0.00100,50.4931
0.00136,0.00119,50.5145
0.00136,0.00143,50.5409
0.00136,0.00170,50.5735
0.00136,0.00203,50.6140
0.00136,0.00242,50.6647
0.00136,0.00289,50.7285
0.00136,0.00346,50.8093
0.00136,0.00412,50.9123
0.00136,0.00492,51.0449
0.00136,0.00588,51.2166
0.00136,0.00702,51.4411
0.00136,0.00838,51.7368
0.00136,0.01000,52.1294
0.00136,0.01194,52.6551
0.00136,0.01425,53.3641
0.00136,0.01701,54.3278
0.00136,0.02031,55.6466
0.00136,0.02424,57.4637
0.00136,0.02894,59.9834
0.00136,0.03455,63.4985
0.00136,0.04125,68.4311
0.00136,0.04924,75.3923
0.00136,0.05878,85.2720
0.00136,0.07017,99.3747
0.00136,0.08377,119.6261
0.00136,0.10000,148.8934
0.00136,0.11938,191.4884
0.00136,0.14251,253.9719
0.00136,0.17013,346.4679
0.00136,0.20309,484.8653
0.00136,0.24245,694.6150
0.00136,0.28943,1017.5173
0.00136,0.34551,1524.3802
0.00136,0.41246,2339.8939
0.00136,0.49239,3694.8142
0.00136,0.58780,6045.0491
0.00136,0.70170,10375.8512
0.00136,0.83768,19111.3543
0.00136,1.00000,38708.2643
0.00166,0.00100,50.5103
0.00166,0.00119,50.5352
0.00166,0.00143,50.5658
0.00166,0.00170,50.6036
0.00166,0.00203,50.6504
0.00166,0.00242,50.7088
0.00166,0.00289,50.7820
0.00166,0.00346,50.8745
0.00166,0.00412,50.9921
0.00166,0.00492,51.1428
0.00166,0.00588,51.3375
0.00166,0.00702,51.5910
0.00166,0.00838,51.9239
0.00166,0.01000,52.3646
0.00166,0.01194,52.9529
0.00166,0.01425,53.7445
0.00166,0.01701,54.8181
0.00166,0.02031,56.2850
0.00166,0.02424,58.3039
0.00166,0.02894,61.1021
0.00166,0.03455,65.0064
0.00166,0.04125,70.4901
0.00166,0.04924,78.2423
0.00166,0.05878,89.2739
0.00166,0.07017,105.0788
0.00166,0.08377,127.8861
0.00166,0.10000,161.0564
0.00166,0.11938,209.7203
0.00166,0.14251,281.8278
0.00166,0.17013,389.9190
0.00166,0.20309,554.2014
0.00166,0.24245,808.0997
0.00166,0.28943,1208.7007
0.00166,0.34551,1857.4874
0.00166,0.41246,2944.2869
0.00166,0.49239,4848.6283
0.00166,0.58780,8401.3490
0.00166,0.70170,15677.2336
0.00166,0.83768,33094.4910
0.00166,1.00000,89185.0520
0.00203,0.00100,50.5015
0.00203,0.00119,50.5243
0.00203,0.00143,50.5521
0.00203,0.00170,50.5863
0.00203,0.00203,50.6284
0.00203,0.00242,50.6806
0.00203,0.00289,50.7456
0.00203,0.00346,50.8270
0.00203,0.00412,50.9298
0.00203,0.00492,51.0604
0.00203,0.00588,51.2276
0.00203,0.00702,51.4435
0.00203,0.00838,51.7244
0.00203,0.01000,52.0931
0.00203,0.01194,52.5811
0.00203,0.01425,53.2326
0.00203,0.01701,54.1097
0.00203,0.02031,55.3002
0.00203,0.02424,56.9294
0.00203,0.02894,59.1763
0.00203,0.03455,62.2991
0.00203,0.04125,66.6726
0.00203,0.04924,72.8442
0.00203,0.05878,81.6209
0.00203,0.07017,94.2032
0.00203,0.08377,112.3958
0.00203,0.10000,138.9467
0.00203,0.11938,178.1016
0.00203,0.14251,236.5360
0.00203,0.17013,324.9672
0.00203,0.20309,461.0400
0.00203,0.24245,674.7097
0.00203,0.28943,1018.7900
0.00203,0.34551,1590.9133
0.00203,0.41246,2582.8433
0.00203,0.49239,4402.6073
0.00203,0.58780,8019.8441
0.00203,0.70170,16149.8421
0.00203,0.83768,38835.2365
0.00203,1.00000,141613.6265
0.00248,0.00100,50.4394
0.00248,0.00119,50.4502
0.00248,0.00143,50.4638
0.00248,0.00170,50.4810
0.00248,0.00203,50.5029
0.00248,0.00242,50.5310
0.00248,0.00289,50.5675
0.00248,0.00346,50.6150
0.00248,0.00412,50.6776
0.00248,0.00492,50.7606
0.00248,0.00588,50.8715
0.00248,0.00702,51.0208
0.00248,0.00838,51.2233
0.00248,0.01000,51.5000
0.00248,0.01194,51.8802
0.00248,0.01425,52.4059
0.00248,0.01701,53.1369
0.00248,0.02031,54.1588
0.00248,0.02424,55.5946
0.00248,0.02894,57.6217
0.00248,0.03455,60.4973
0.00248,0.04125,64.5962
0.00248,0.04924,70.4674
0.00248,0.05878,78.9216
0.00248,0.07017,91.1646
0.00248,0.08377,109.0073
0.00248,0.10000,135.2015
0.00248,0.11938,173.9855
0.00248,0.14251,231.9972
0.00248,0.17013,319.8457
0.00248,0.20309,454.9152
0.00248,0.24245,666.5865
0.00248,0.28943,1006.4805
0.00248,0.34551,1569.8965
0.00248,0.41246,2544.4853
0.00248,0.49239,4333.1546
0.00248,0.58780,7912.8859
0.00248,0.70170,16131.3684
0.00248,0.83768,40416.5264
0.00248,1.00000,173266.0037
0.00303,0.00100,50.3025
0.00303,0.00119,50.2899
0.00303,0.00143,50.2769
0.00303,0.00170,50.2642
0.00303,0.00203,50.2532
0.00303,0.00242,50.2459
0.00303,0.00289,50.2456
0.00303,0.00346,50.2571
0.00303,0.00412,50.2879
0.00303,0.00492,50.3491
0.00303,0.00588,50.4569
0.00303,0.00702,50.6354
0.00303,0.00838,50.9197
0.00303,0.01000,51.3612
0.00303,0.01194,52.0346
0.00303,0.01425,53.0486
0.00303,0.01701,54.5610
0.00303,0.02031,56.8014
0.00303,0.02424,60.1032
0.00303,0.02894,64.9524
0.00303,0.03455,72.0573
0.00303,0.04125,82.4549
0.00303,0.04924,97.6675
0.00303,0.05878,119.9410
0.00303,0.07017,152.6086
0.00303,0.08377,200.6527
0.00303,0.10000,271.5882
0.00303,0.11938,376.8750
0.00303,0.14251,534.2269
0.00303,0.17013,771.4858
0.00303,0.20309,1133.3258
0.00303,0.24245,1693.3075
0.00303,0.28943,2576.5758
0.00303,0.34551,4005.1442
0.00303,0.41246,6395.1422
0.00303,0.49239,10586.8913
0.00303,0.58780,18467.2875
0.00303,0.70170,35027.6744
0.00303,0.83768,78005.2840
0.00303,1.00000,277431.2553
0.00370,0.00100,50.1190
0.00370,0.00119,50.0761
0.00370,0.00143,50.0291
0.00370,0.00170,49.9790
0.00370,0.00203,49.9278
0.00370,0.00242,49.8790
0.00370,0.00289,49.8382
0.00370,0.00346,49.8147
0.00370,0.00412,49.8223
0.00370,0.00492,49.8825
0.00370,0.00588,50.0273
0.00370,0.00702,50.3046
0.00370,0.00838,50.7850
0.00370,0.01000,51.5723
0.00370,0.01194,52.8186
0.00370,0.01425,54.7461
0.00370,0.01701,57.6790
0.00370,0.02031,62.0891
0.00370,0.02424,68.6643
0.00370,0.02894,78.4072
0.00370,0.03455,92.7813
0.00370,0.04125,113.9279
0.00370,0.04924,144.9898
0.00370,0.05878,190.5983
0.00370,0.07017,257.6141
0.00370,0.08377,356.2671
0.00370,0.10000,501.9355
0.00370,0.11938,717.9689
0.00370,0.14251,1040.2608
0.00370,0.17013,1524.8323
0.00370,0.20309,2260.7806
0.00370,0.24245,3393.1682
0.00370,0.28943,5165.2447
0.00370,0.34551,8000.5447
0.00370,0.41246,12673.5415
0.00370,0.49239,20696.7636
0.00370,0.58780,35311.0378
0.00370,0.70170,64516.3403
0.00370,0.83768,133759.4250
0.00370,1.00000,399021.6189
0.00452,0.00100,50.0406
0.00452,0.00119,49.9844
0.00452,0.00143,49.9224
0.00452,0.00170,49.8556
0.00452,0.00203,49.7861
0.00452,0.00242,49.7179
0.00452,0.00289,49.6574
0.00452,0.00346,49.6151
0.00452,0.00412,49.6074
0.00452,0.00492,49.6591
0.00452,0.00588,49.8081
0.00452,0.00702,50.1105
0.00452,0.00838,50.6498
0.00452,0.01000,51.5487
0.00452,0.01194,52.9875
0.00452,0.01425,55.2292
0.00452,0.01701,58.6582
0.00452,0.02031,63.8342
0.00452,0.02424,71.5727
0.00452,0.02894,83.0619
0.00452,0.03455,100.0354
0.00452,0.04125,125.0272
0.00452,0.04924,161.7514
0.00452,0.05878,215.6721
0.00452,0.07017,294.8668
0.00452,0.08377,411.3480
0.00452,0.10000,583.1154
0.00452,0.11938,837.3909
0.00452,0.14251,1215.8189
0.00452,0.17013,1783.0133
0.00452,0.20309,2640.9964
0.00452,0.24245,3954.4037
0.00452,0.28943,5996.2861
0.00452,0.34551,9235.5852
0.00452,0.41246,14515.0469
0.00452,0.49239,23444.0491
0.00452,0.58780,39369.2326
0.00452,0.70170,70208.3695
0.00452,0.83768,139493.5885
0.00452,1.00000,375139.1530
0.00553,0.00100,50.2192
0.00553,0.00119,50.1946
0.00553,0.00143,50.1690
0.00553,0.00170,50.1438
0.00553,0.00203,50.1214
0.00553,0.00242,50.1056
0.00553,0.00289,50.1023
0.00553,0.00346,50.1207
0.00553,0.00412,50.1745
0.00553,0.00492,50.2841
0.00553,0.00588,50.4798
0.00553,0.00702,50.8063
0.00553,0.00838,51.3286
0.00553,0.01000,52.1419
0.00553,0.01194,53.3847
0.00553,0.01425,55.2581
0.00553,0.01701,58.0537
0.00553,0.02031,62.1948
0.00553,0.02424,68.2955
0.00553,0.02894,77.2473
0.00553,0.03455,90.3467
0.00553,0.04125,109.4828
0.00553,0.04924,137.4164
0.00553,0.05878,178.1968
0.00553,0.07017,237.7910
0.00553,0.08377,325.0437
0.00553,0.10000,453.1590
0.00553,0.11938,642.0257
0.00553,0.14251,921.9300
0.00553,0.17013,1339.6193
0.00553,0.20309,1968.4684
0.00553,0.24245,2926.0887
0.00553,0.28943,4406.0742
0.00553,0.34551,6738.1818
0.00553,0.41246,10510.0450
0.00553,0.49239,16835.5388
0.00553,0.58780,28022.8515
0.00553,0.70170,49574.6806
0.00553,0.83768,98442.9756
0.00553,1.00000,273422.5644
0.00676,0.00100,50.4322
0.00676,0.00119,50.4447
0.00676,0.00143,50.4617
0.00676,0.00170,50.4848
0.00676,0.00203,50.5164
0.00676,0.00242,50.5601
0.00676,0.00289,50.6204
0.00676,0.00346,50.7044
0.00676,0.00412,50.8215
0.00676,0.00492,50.9856
0.00676,0.00588,51.2160
0.00676,0.00702,51.5403
0.00676,0.00838,51.9982
0.00676,0.01000,52.6458
0.00676,0.01194,53.5636
0.00676,0.01425,54.8666
0.00676,0.01701,56.7197
0.00676,0.02031,59.3596
0.00676,0.02424,63.1268
0.00676,0.02894,68.5118
0.00676,0.03455,76.2238
0.00676,0.04125,87.2908
0.00676,0.04924,103.2089
0.00676,0.05878,126.1642
0.00676,0.07017,159.3690
0.00676,0.08377,207.5729
0.00676,0.10000,277.8532
0.00676,0.11938,380.8559
0.00676,0.14251,532.7803
0.00676,0.17013,758.6323
0.00676,0.20309,1097.7071
0.00676,0.24245,1613.1689
0.00676,0.28943,2409.5534
0.00676,0.34551,3666.6486
0.00676,0.41246,5710.2957
0.00676,0.49239,9176.7909
0.00676,0.58780,15457.7260
0.00676,0.70170,28228.4482
0.00676,0.83768,61460.3642
0.00676,1.00000,258179.4434
0.00826,0.00100,50.4975
0.00826,0.00119,50.5230
0.00826,0.00143,50.5555
0.00826,0.00170,50.5973
0.00826,0.00203,50.6516
0.00826,0.00242,50.7226
0.00826,0.00289,50.8162
0.00826,0.00346,50.9405
0.00826,0.00412,51.1068
0.00826,0.00492,51.3311
0.00826,0.00588,51.6356
0.00826,0.00702,52.0515
0.00826,0.00838,52.6232
0.00826,0.01000,53.4133
0.00826,0.01194,54.5108
0.00826,0.01425,56.0422
0.00826,0.01701,58.1886
0.00826,0.02031,61.2090
0.00826,0.02424,65.4752
0.00826,0.02894,71.5232
0.00826,0.03455,80.1279
0.00826,0.04125,92.4145
0.00826,0.04924,110.0245
0.00826,0.05878,135.3663
0.00826,0.07017,171.9962
0.00826,0.08377,225.2079
0.00826,0.10000,302.9549
0.00826,0.11938,417.3253
0.00826,0.14251,586.9481
0.00826,0.17013,841.0277
0.00826,0.20309,1226.3294
0.00826,0.24245,1819.7558
0.00826,0.28943,2752.1118
0.00826,0.34551,4255.8268
0.00826,0.41246,6768.5614
0.00826,0.49239,11182.7571
0.00826,0.58780,19540.8666
0.00826,0.70170,37454.3301
0.00826,0.83768,86658.5836
0.00826,1.00000,407347.9442
0.01009,0.00100,50.8376
0.01009,0.00119,50.9345
0.01009,0.00143,51.0545
0.01009,0.00170,51.2042
0.01009,0.00203,51.3920
0.01009,0.00242,51.6290
0.01009,0.00289,51.9305
0.01009,0.00346,52.3168
0.01009,0.00412,52.8156
0.01009,0.00492,53.4648
0.01009,0.00588,54.3168
0.01009,0.00702,55.4438
0.01009,0.00838,56.9467
0.01009,0.01000,58.9663
0.01009,0.01194,61.7006
0.01009,0.01425,65.4290
0.01009,0.01701,70.5473
0.01009,0.02031,77.6184
0.01009,0.02424,87.4467
0.01009,0.02894,101.1857
0.01009,0.03455,120.4976
0.01009,0.04125,147.7892
0.01009,0.04924,186.5643
0.01009,0.05878,241.9559
0.01009,0.07017,321.5371
0.01009,0.08377,436.5754
0.01009,0.10000,604.0021
0.01009,0.11938,849.5615
0.01009,0.14251,1212.9619
0.01009,0.17013,1756.5214
0.01009,0.20309,2580.1505
0.01009,0.24245,3848.3231
0.01009,0.28943,5840.9668
0.01009,0.34551,9055.2605
0.01009,0.41246,14425.0461
0.01009,0.49239,23842.7180
0.01009,0.58780,41582.9670
0.01009,0.70170,79082.0265
0.01009,0.83768,178128.3584
0.01009,1.00000,735520.9396
0.01233,0.00100,50.9253
0.01233,0.00119,51.0438
0.01233,0.00143,51.1918
0.01233,0.00170,51.3776
0.01233,0.00203,51.6126
0.01233,0.00242,51.9119
0.01233,0.00289,52.2960
0.01233,0.00346,52.7927
0.01233,0.00412,53.4403
0.01233,0.00492,54.2914
0.01233,0.00588,55.4188
0.01233,0.00702,56.9241
0.01233,0.00838,58.9492
0.01233,0.01000,61.6934
0.01233,0.01194,65.4376
0.01233,0.01425,70.5796
0.01233,0.01701,77.6840
0.01233,0.02031,87.5557
0.01233,0.02424,101.3462
0.01233,0.02894,120.7092
0.01233,0.03455,148.0292
0.01233,0.04125,186.7607
0.01233,0.04924,241.9335
0.01233,0.05878,320.9144
0.01233,0.07017,434.5669
0.01233,0.08377,599.0402
0.01233,0.10000,838.5711
0.01233,0.11938,1189.9539
0.01233,0.14251,1709.8260
0.01233,0.17013,2486.8588
0.01233,0.20309,3662.8019
0.01233,0.24245,5470.2241
0.01233,0.28943,8303.4416
0.01233,0.34551,12859.8540
0.01233,0.41246,20443.4817
0.01233,0.49239,33684.6520
0.01233,0.58780,58497.1280
0.01233,0.70170,110610.6948
0.01233,0.83768,246607.1802
0.01233,1.00000,949729.3667
0.01507,0.00100,50.1233
0.01507,0.00119,50.0901
0.01507,0.00143,50.0584
0.01507,0.00170,50.0319
0.01507,0.00203,50.0166
0.01507,0.00242,50.0216
0.01507,0.00289,50.0606
0.01507,0.00346,50.1544
0.01507,0.00412,50.3340
0.01507,0.00492,50.6447
0.01507,0.00588,51.1535
0.01507,0.00702,51.9577
0.01507,0.00838,53.1996
0.01507,0.01000,55.0854
0.01507,0.01194,57.9146
0.01507,0.01425,62.1208
0.01507,0.01701,68.3327
0.01507,0.02031,77.4604
0.01507,0.02424,90.8241
0.01507,0.02894,110.3399
0.01507,0.03455,138.7952
0.01507,0.04125,180.2548
0.01507,0.04924,240.6662
0.01507,0.05878,328.7695
0.01507,0.07017,457.4762
0.01507,0.08377,645.9856
0.01507,0.10000,923.0788
0.01507,0.11938,1332.3307
0.01507,0.14251,1940.5255
0.01507,0.17013,2851.5776
0.01507,0.20309,4230.2397
0.01507,0.24245,6343.9476
0.01507,0.28943,9639.9948
0.01507,0.34551,14895.9278
0.01507,0.41246,23534.0949
0.01507,0.49239,38344.0658
0.01507,0.58780,65372.2031
0.01507,0.70170,119927.5219
0.01507,0.83768,253310.2630
0.01507,1.00000,852397.1611
0.01842,0.00100,49.7708
0.01842,0.00119,49.6739
0.01842,0.00143,49.5681
0.01842,0.00170,49.4561
0.01842,0.00203,49.3427
0.01842,0.00242,49.2362
0.01842,0.00289,49.1504
0.01842,0.00346,49.1070
0.01842,0.00412,49.1392
0.01842,0.00492,49.2978
0.01842,0.00588,49.6587
0.01842,0.00702,50.3348
0.01842,0.00838,51.4928
0.01842,0.01000,53.3770
0.01842,0.01194,56.3451
0.01842,0.01425,60.9188
0.01842,0.01701,67.8576
0.01842,0.02031,78.2661
0.01842,0.02424,93.7504
0.01842,0.02894,116.6472
0.01842,0.03455,150.3587
0.01842,0.04125,199.8489
0.01842,0.04924,272.3782
0.01842,0.05878,378.6039
0.01842,0.07017,534.2388
0.01842,0.08377,762.5815
0.01842,0.10000,1098.4230
0.01842,0.11938,1594.1702
0.01842,0.14251,2329.6214
0.01842,0.17013,3427.9150
0.01842,0.20309,5082.2391
0.01842,0.24245,7602.0192
0.01842,0.28943,11495.9801
0.01842,0.34551,17629.0085
0.01842,0.41246,27537.4484
0.01842,0.49239,44117.0216
0.01842,0.58780,73303.4914
0.01842,0.70170,128929.8051
0.01842,0.83768,251396.3051
0.01842,1.00000,655124.4066
0.02251,0.00100,51.2891
0.02251,0.00119,51.4907
0.02251,0.00143,51.7432
0.02251,0.00170,52.0615
0.02251,0.00203,52.4656
0.02251,0.00242,52.9822
0.02251,0.00289,53.6479
0.02251,0.00346,54.5124
0.02251,0.00412,55.6441
0.02251,0.00492,57.1375
0.02251,0.00588,59.1236
0.02251,0.00702,61.7852
0.02251,0.00838,65.3779
0.02251,0.01000,70.2614
0.02251,0.01194,76.9422
0.02251,0.01425,86.1374
0.02251,0.01701,98.8645
0.02251,0.02031,116.5720
0.02251,0.02424,141.3281
0.02251,0.02894,176.0962
0.02251,0.03455,225.1356
0.02251,0.04125,294.5921
0.02251,0.04924,393.3696
0.02251,0.05878,534.4298
0.02251,0.07017,736.7434
0.02251,0.08377,1028.2543
0.02251,0.10000,1450.4346
0.02251,0.11938,2065.3904
0.02251,0.14251,2967.1403
0.02251,0.17013,4299.8943
0.02251,0.20309,6288.4296
0.02251,0.24245,9290.1177
0.02251,0.28943,13887.3846
0.02251,0.34551,21059.6850
0.02251,0.41246,32522.2495
0.02251,0.49239,51444.6343
0.02251,0.58780,84134.2460
0.02251,0.70170,144579.9402
0.02251,0.83768,269751.1800
0.02251,1.00000,594741.9031
0.02751,0.00100,50.8138
0.02751,0.00119,50.9241
0.02751,0.00143,51.0680
0.02751,0.00170,51.2572
0.02751,0.00203,51.5078
0.02751,0.00242,51.8422
0.02751,0.00289,52.2920
0.02751,0.00346,52.9008
0.02751,0.00412,53.7302
0.02751,0.00492,54.8670
0.02751,0.00588,56.4336
0.02751,0.00702,58.6030
0.02751,0.00838,61.6207
0.02751,0.01000,65.8355
0.02751,0.01194,71.7436
0.02751,0.01425,80.0529
0.02751,0.01701,91.7748
0.02751,0.02031,108.3575
0.02751,0.02424,131.8789
0.02751,0.02894,165.3285
0.02751,0.03455,213.0180
0.02751,0.04125,281.1870
0.02751,0.04924,378.8970
0.02751,0.05878,519.3652
0.02751,0.07017,721.9673
0.02751,0.08377,1015.2808
0.02751,0.10000,1441.7594
0.02751,0.11938,2065.0244
0.02751,0.14251,2981.4282
0.02751,0.17013,4338.7793
0.02751,0.20309,6367.4136
0.02751,0.24245,9433.3051
0.02751,0.28943,14132.1760
0.02751,0.34551,21463.7961
0.02751,0.41246,33173.1495
0.02751,0.49239,52467.1651
0.02751,0.58780,85668.2923
0.02751,0.70170,146561.6857
0.02751,0.83768,270323.3649
0.02751,1.00000,573663.6071
0.03363,0.00100,50.3645
0.03363,0.00119,50.3850
0.03363,0.00143,50.4205
0.03363,0.00170,50.4785
0.03363,0.00203,50.5701
0.03363,0.00242,50.7113
0.03363,0.00289,50.9253
0.03363,0.00346,51.2458
0.03363,0.00412,51.7210
0.03363,0.00492,52.4206
0.03363,0.00588,53.4448
0.03363,0.00702,54.9376
0.03363,0.00838,57.1060
0.03363,0.01000,60.2472
0.03363,0.01194,64.7887
0.03363,0.01425,71.3448
0.03363,0.01701,80.7994
0.03363,0.02031,94.4255
0.03363,0.02424,114.0590
0.03363,0.02894,142.3523
0.03363,0.03455,183.1457
0.03363,0.04125,242.0144
0.03363,0.04924,327.0794
0.03363,0.05878,450.2181
0.03363,0.07017,628.8866
0.03363,0.08377,888.8939
0.03363,0.10000,1268.6751
0.03363,0.11938,1825.9735
0.03363,0.14251,2648.4715
0.03363,0.17013,3871.0638
0.03363,0.20309,5704.6331
0.03363,0.24245,8485.4518
0.03363,0.28943,12763.1549
0.03363,0.34551,19464.5838
0.03363,0.41246,30216.5040
0.03363,0.49239,48028.3885
0.03363,0.58780,78880.3683
0.03363,0.70170,135937.2853
0.03363,0.83768,253216.7033
0.03363,1.00000,546429.7855
0.04110,0.00100,49.9524
0.04110,0.00119,49.8906
0.04110,0.00143,49.8266
0.04110,0.00170,49.7644
0.04110,0.00203,49.7103
0.04110,0.00242,49.6745
0.04110,0.00289,49.6728
0.04110,0.00346,49.7294
0.04110,0.00412,49.8806
0.04110,0.00492,50.1806
0.04110,0.00588,50.7093
0.04110,0.00702,51.5845
0.04110,0.00838,52.9780
0.04110,0.01000,55.1409
0.04110,0.01194,58.4380
0.04110,0.01425,63.3994
0.04110,0.01701,70.7939
0.04110,0.02031,81.7368
0.04110,0.02424,97.8464
0.04110,0.02894,121.4725
0.04110,0.03455,156.0327
0.04110,0.04125,206.5082
0.04110,0.04924,280.1811
0.04110,0.05878,387.7365
0.04110,0.07017,544.9282
0.04110,0.08377,775.1201
0.04110,0.10000,1113.2156
0.04110,0.11938,1611.8237
0.04110,0.14251,2351.1135
0.04110,0.17013,3454.9029
0.04110,0.20309,5117.6120
0.04110,0.24245,7650.8369
0.04110,0.28943,11566.9045
0.04110,0.34551,17735.8402
0.04110,0.41246,27697.7003
0.04110,0.49239,44331.4809
0.04110,0.58780,73434.4117
0.04110,0.70170,127996.6314
0.04110,0.83768,242478.5395
0.04110,1.00000,541176.7414
0.05023,0.00100,51.2235
0.05023,0.00119,51.4027
0.05023,0.00143,51.6243
0.05023,0.00170,51.8998
0.05023,0.00203,52.2444
0.05023,0.00242,52.6781
0.05023,0.00289,53.2276
0.05023,0.00346,53.9291
0.05023,0.00412,54.8314
0.05023,0.00492,56.0012
0.05023,0.00588,57.5301
0.05023,0.00702,59.5445
0.05023,0.00838,62.2199
0.05023,0.01000,65.8011
0.05023,0.01194,70.6311
0.05023,0.01425,77.1926
0.05023,0.01701,86.1676
0.05023,0.02031,98.5234
0.05023,0.02424,115.6374
0.05023,0.02894,139.4787
0.05023,0.03455,172.8732
0.05023,0.04125,219.8950
0.05023,0.04924,286.4451
0.05023,0.05878,381.1161
0.05023,0.07017,516.4967
0.05023,0.08377,711.1599
0.05023,0.10000,992.7341
0.05023,0.11938,1402.7212
0.05023,0.14251,2004.1956
0.05023,0.17013,2894.3759
0.05023,0.20309,4225.6971
0.05023,0.24245,6242.2526
0.05023,0.28943,9345.2499
0.05023,0.34551,14216.1815
0.05023,0.41246,22062.4659
0.05023,0.49239,35145.1944
0.05023,0.58780,58030.9705
0.05023,0.70170,101005.6919
0.05023,0.83768,191637.2586
0.05023,1.00000,432715.7698
0.06138,0.00100,50.1467
0.06138,0.00119,50.1114
0.06138,0.00143,50.0745
0.06138,0.00170,50.0378
0.06138,0.00203,50.0046
0.06138,0.00242,49.9801
0.06138,0.00289,49.9725
0.06138,0.00346,49.9941
0.06138,0.00412,50.0638
0.06138,0.00492,50.2098
0.06138,0.00588,50.4736
0.06138,0.00702,50.9167
0.06138,0.00838,51.6289
0.06138,0.01000,52.7412
0.06138,0.01194,54.4447
0.06138,0.01425,57.0166
0.06138,0.01701,60.8599
0.06138,0.02031,66.5588
0.06138,0.02424,74.9617
0.06138,0.02894,87.3007
0.06138,0.03455,105.3684
0.06138,0.04125,131.7782
0.06138,0.04924,170.3508
0.06138,0.05878,226.6937
0.06138,0.07017,309.0754
0.06138,0.08377,429.7597
0.06138,0.10000,607.0692
0.06138,0.11938,868.6239
0.06138,0.14251,1256.5165
0.06138,0.17013,1835.7644
0.06138,0.20309,2708.4732
0.06138,0.24245,4038.3206
0.06138,0.28943,6094.5123
0.06138,0.34551,9334.4488
0.06138,0.41246,14568.5069
0.06138,0.49239,23313.9773
0.06138,0.58780,38634.8655
0.06138,0.70170,67435.3163
0.06138,0.83768,128259.0397
0.06138,1.00000,291157.2981
0.07502,0.00100,50.5299
0.07502,0.00119,50.5642
0.07502,0.00143,50.6083
0.07502,0.00170,50.6655
0.07502,0.00203,50.7403
0.07502,0.00242,50.8389
0.07502,0.00289,50.9698
0.07502,0.00346,51.1451
0.07502,0.00412,51.3813
0.07502,0.00492,51.7019
0.07502,0.00588,52.1397
0.07502,0.00702,52.7410
0.07502,0.00838,53.5716
0.07502,0.01000,54.7242
0.07502,0.01194,56.3310
0.07502,0.01425,58.5800
0.07502,0.01701,61.7397
0.07502,0.02031,66.1940
0.07502,0.02424,72.4937
0.07502,0.02894,81.4308
0.07502,0.03455,94.1479
0.07502,0.04125,112.2984
0.07502,0.04924,138.2849
0.07502,0.05878,175.6143
0.07502,0.07017,229.4332
0.07502,0.08377,307.3429
0.07502,0.10000,420.6556
0.07502,0.11938,586.3617
0.07502,0.14251,830.2630
0.07502,0.17013,1192.0731
0.07502,0.20309,1733.9328
0.07502,0.24245,2555.0681
0.07502,0.28943,3817.9796
0.07502,0.34551,5797.4232
0.07502,0.41246,8977.4000
0.07502,0.49239,14257.7936
0.07502,0.58780,23439.4884
0.07502,0.70170,40528.9579
0.07502,0.83768,76056.5917
0.07502,1.00000,167623.8793
0.09169,0.00100,50.2667
0.09169,0.00119,50.2468
0.09169,0.00143,50.2251
0.09169,0.00170,50.2018
0.09169,0.00203,50.1779
0.09169,0.00242,50.1548
0.09169,0.00289,50.1352
0.09169,0.00346,50.1229
0.09169,0.00412,50.1243
0.09169,0.00492,50.1489
0.09169,0.00588,50.2108
0.09169,0.00702,50.3315
0.09169,0.00838,50.5422
0.09169,0.01000,50.8894
0.09169,0.01194,51.4407
0.09169,0.01425,52.2950
0.09169,0.01701,53.5963
0.09169,0.02031,55.5543
0.09169,0.02424,58.4742
0.09169,0.02894,62.7997
0.09169,0.03455,69.1778
0.09169,0.04125,78.5522
0.09169,0.04924,92.3039
0.09169,0.05878,112.4603
0.09169,0.07017,142.0109
0.09169,0.08377,185.3889
0.09169,0.10000,249.2141
0.09169,0.11938,343.4564
0.09169,0.14251,483.2914
0.09169,0.17013,692.1213
0.09169,0.20309,1006.6204
0.09169,0.24245,1485.4212
0.09169,0.28943,2224.6334
0.09169,0.34551,3386.8580
0.09169,0.41246,5258.5975
0.09169,0.49239,8372.3991
0.09169,0.58780,13792.8517
0.09169,0.70170,23881.5964
0.09169,0.83768,44796.8083
0.09169,1.00000,97763.1808
0.11206,0.00100,50.5817
0.11206,0.00119,50.6215
0.11206,0.00143,50.6704
0.11206,0.00170,50.7305
0.11206,0.00203,50.8050
0.11206,0.00242,50.8977
0.11206,0.00289,51.0137
0.11206,0.00346,51.1599
0.11206,0.00412,51.3454
0.11206,0.00492,51.5826
0.11206,0.00588,51.8880
0.11206,0.00702,52.2847
0.11206,0.00838,52.8041
0.11206,0.01000,53.4896
0.11206,0.01194,54.4018
0.11206,0.01425,55.6253
0.11206,0.01701,57.2789
0.11206,0.02031,59.5304
0.11206,0.02424,62.6176
0.11206,0.02894,66.8792
0.11206,0.03455,72.7996
0.11206,0.04125,81.0749
0.11206,0.04924,92.7108
0.11206,0.05878,109.1678
0.11206,0.07017,132.5805
0.11206,0.08377,166.0906
0.11206,0.10000,214.3611
0.11206,0.11938,284.3788
0.11206,0.14251,386.7350
0.11206,0.17013,537.7066
0.11206,0.20309,762.7314
0.11206,0.24245,1102.3847
0.11206,0.28943,1623.0491
0.11206,0.34551,2436.8357
0.11206,0.41246,3740.9316
0.11206,0.49239,5901.0820
0.11206,0.58780,9646.2679
0.11206,0.70170,16586.3774
0.11206,0.83768,30890.3454
0.11206,1.00000,66798.7026
0.13695,0.00100,50.2496
0.13695,0.00119,50.2244
0.13695,0.00143,50.1954
0.13695,0.00170,50.1621
0.13695,0.00203,50.1245
0.13695,0.00242,50.0826
0.13695,0.00289,50.0367
0.13695,0.00346,49.9880
0.13695,0.00412,49.9385
0.13695,0.00492,49.8916
0.13695,0.00588,49.8531
0.13695,0.00702,49.8323
0.13695,0.00838,49.8432
0.13695,0.01000,49.9075
0.13695,0.01194,50.0576
0.13695,0.01425,50.3420
0.13695,0.01701,50.8326
0.13695,0.02031,51.6351
0.13695,0.02424,52.9056
0.13695,0.02894,54.8727
0.13695,0.03455,57.8722
0.13695,0.04125,62.3969
0.13695,0.04924,69.1714
0.13695,0.05878,79.2634
0.13695,0.07017,94.2526
0.13695,0.08377,116.4870
0.13695,0.10000,149.4793
0.13695,0.11938,198.5267
0.13695,0.14251,271.6977
0.13695,0.17013,381.4358
0.13695,0.20309,547.2280
0.13695,0.24245,800.1787
0.13695,0.28943,1191.1246
0.13695,0.34551,1805.6624
0.13695,0.41246,2793.4735
0.13695,0.49239,4429.4590
0.13695,0.58780,7252.5879
0.13695,0.70170,12420.0232
0.13695,0.83768,22775.5539
0.13695,1.00000,46958.8390
0.16737,0.00100,50.4698
0.16737,0.00119,50.4868
0.16737,0.00143,50.5079
0.16737,0.00170,50.5342
0.16737,0.00203,50.5673
0.16737,0.00242,50.6091
0.16737,0.00289,50.6623
0.16737,0.00346,50.7307
0.16737,0.00412,50.8191
0.16737,0.00492,50.9343
0.16737,0.00588,51.0858
0.16737,0.00702,51.2865
0.16737,0.00838,51.5544
0.16737,0.01000,51.9149
0.16737,0.01194,52.4034
0.16737,0.01425,53.0699
0.16737,0.01701,53.9852
0.16737,0.02031,55.2499
0.16737,0.02424,57.0071
0.16737,0.02894,59.4616
0.16737,0.03455,62.9076
0.16737,0.04125,67.7691
0.16737,0.04924,74.6599
0.16737,0.05878,84.4733
0.16737,0.07017,98.5167
0.16737,0.08377,118.7164
0.16737,0.10000,147.9321
0.16737,0.11938,190.4484
0.16737,0.14251,252.7558
0.16737,0.17013,344.8149
0.16737,0.20309,482.1560
0.16737,0.24245,689.4652
0.16737,0.28943,1006.9228
0.16737,0.34551,1501.8819
0.16737,0.41246,2291.5060
0.16737,0.49239,3589.5230
0.16737,0.58780,5810.9647
0.16737,0.70170,9833.6583
0.16737,0.83768,17759.0327
0.16737,1.00000,35606.3964
0.20456,0.00100,50.4611
0.20456,0.00119,50.4755
0.20456,0.00143,50.4933
0.20456,0.00170,50.5152
0.20456,0.00203,50.5423
0.20456,0.00242,50.5760
0.20456,0.00289,50.6183
0.20456,0.00346,50.6714
0.20456,0.00412,50.7389
0.20456,0.00492,50.8251
0.20456,0.00588,50.9361
0.20456,0.00702,51.0803
0.20456,0.00838,51.2690
0.20456,0.01000,51.5180
0.20456,0.01194,51.8493
0.20456,0.01425,52.2935
0.20456,0.01701,52.8937
0.20456,0.02031,53.7108
0.20456,0.02424,54.8309
0.20456,0.02894,56.3768
0.20456,0.03455,58.5239
0.20456,0.04125,61.5245
0.20456,0.04924,65.7425
0.20456,0.05878,71.7066
0.20456,0.07017,80.1891
0.20456,0.08377,92.3256
0.20456,0.10000,109.8005
0.20456,0.11938,135.1351
0.20456,0.14251,172.1452
0.20456,0.17013,226.6842
0.20456,0.20309,307.8746
0.20456,0.24245,430.2123
0.20456,0.28943,617.2846
0.20456,0.34551,908.6121
0.20456,0.41246,1372.8871
0.20456,0.49239,2135.2124
0.20456,0.58780,3437.7047
0.20456,0.70170,5788.8203
0.20456,0.83768,10386.2534
0.20456,1.00000,20533.5602
0.25000,0.00100,50.4189
0.25000,0.00119,50.4246
0.25000,0.00143,50.4315
0.25000,0.00170,50.4401
0.25000,0.00203,50.4507
0.25000,0.00242,50.4639
0.25000,0.00289,50.4805
0.25000,0.00346,50.5014
0.25000,0.00412,50.5280
0.25000,0.00492,50.5620
0.25000,0.00588,50.6059
0.25000,0.00702,50.6629
0.25000,0.00838,50.7377
0.25000,0.01000,50.8365
0.25000,0.01194,50.9681
0.25000,0.01425,51.1449
0.25000,0.01701,51.3841
0.25000,0.02031,51.7100
0.25000,0.02424,52.1574
0.25000,0.02894,52.7755
0.25000,0.03455,53.6346
0.25000,0.04125,54.8362
0.25000,0.04924,56.5263
0.25000,0.05878,58.9173
0.25000,0.07017,62.3192
0.25000,0.08377,67.1881
0.25000,0.10000,74.1996
0.25000,0.11938,84.3651
0.25000,0.14251,99.2140
0.25000,0.17013,121.0902
0.25000,0.20309,153.6422
0.25000,0.24245,202.6584
0.25000,0.28943,277.5375
0.25000,0.34551,393.9814
0.25000,0.41246,579.1741
0.25000,0.49239,882.3451
0.25000,0.58780,1397.9872
0.25000,0.70170,2322.0204
0.25000,0.83768,4106.0218
0.25000,1.00000,7916.9913
