0.03314872,0.00100,50.3595
0.03314872,0.00119,50.3498
0.03314872,0.00143,50.3426
0.03314872,0.00170,50.3406
0.03314872,0.00203,50.3472
0.03314872,0.00242,50.3682
0.03314872,0.00289,50.4119
0.03314872,0.00346,50.4905
0.03314872,0.00412,50.6223
0.03314872,0.00492,50.8338
0.03314872,0.00588,51.1634
0.03314872,0.00702,51.6674
0.03314872,0.00838,52.4267
0.03314872,0.01000,53.5589
0.03314872,0.01194,55.2335
0.03314872,0.01425,57.6953
0.03314872,0.01701,61.2976
0.03314872,0.02031,66.5507
0.03314872,0.02424,74.1914
0.03314872,0.02894,85.2853
0.03314872,0.03455,101.3761
0.03314872,0.04125,124.7038
0.03314872,0.04924,158.5290
0.03314872,0.05878,207.6122
0.03314872,0.07017,278.9343
0.03314872,0.08377,382.7842
0.03314872,0.10000,534.4218
0.03314872,0.11938,756.6532
0.03314872,0.14251,1083.8816
0.03314872,0.17013,1568.5982
0.03314872,0.20309,2292.0137
0.03314872,0.24245,3381.9396
0.03314872,0.28943,5043.8317
0.03314872,0.34551,7616.8022
0.03314872,0.41246,11679.5788
0.03314872,0.49239,18263.1636
0.03314872,0.58780,29311.1984
0.03314872,0.70170,48781.7608
0.03314872,0.83768,85678.9803
0.03314872,1.00000,163773.3557
0.03465236,0.00100,50.1998
0.03465236,0.00119,50.1587
0.03465236,0.00143,50.1139
0.03465236,0.00170,50.0665
0.03465236,0.00203,50.0187
0.03465236,0.00242,49.9742
0.03465236,0.00289,49.9388
0.03465236,0.00346,49.9219
0.03465236,0.00412,49.9380
0.03465236,0.00492,50.0090
0.03465236,0.00588,50.1677
0.03465236,0.00702,50.4627
0.03465236,0.00838,50.9659
0.03465236,0.01000,51.7825
0.03465236,0.01194,53.0664
0.03465236,0.01425,55.0420
0.03465236,0.01701,58.0353
0.03465236,0.02031,62.5206
0.03465236,0.02424,69.1861
0.03465236,0.02894,79.0318
0.03465236,0.03455,93.5115
0.03465236,0.04125,114.7418
0.03465236,0.04924,145.8117
0.03465236,0.05878,191.2420
0.03465236,0.07017,257.6754
0.03465236,0.08377,354.9204
0.03465236,0.10000,497.5488
0.03465236,0.11938,707.3725
0.03465236,0.14251,1017.3457
0.03465236,0.17013,1477.8253
0.03465236,0.20309,2166.8448
0.03465236,0.24245,3207.4263
0.03465236,0.28943,4797.7026
0.03465236,0.34551,7265.4078
0.03465236,0.41246,11171.2641
0.03465236,0.49239,17517.1908
0.03465236,0.58780,28198.8109
0.03465236,0.70170,47093.1522
0.03465236,0.83768,83064.1723
0.03465236,1.00000,159667.7976
0.03622420,0.00100,50.0304
0.03622420,0.00119,49.9560
0.03622420,0.00143,49.8714
0.03622420,0.00170,49.7763
0.03622420,0.00203,49.6712
0.03622420,0.00242,49.5577
0.03622420,0.00289,49.4394
0.03622420,0.00346,49.3226
0.03622420,0.00412,49.2181
0.03622420,0.00492,49.1432
0.03622420,0.00588,49.1249
0.03622420,0.00702,49.2047
0.03622420,0.00838,49.4453
0.03622420,0.01000,49.9405
0.03622420,0.01194,50.8294
0.03622420,0.01425,52.3169
0.03622420,0.01701,54.7044
0.03622420,0.02031,58.4330
0.03622420,0.02424,64.1473
0.03622420,0.02894,72.7891
0.03622420,0.03455,85.7332
0.03622420,0.04125,104.9893
0.03622420,0.04924,133.4993
0.03622420,0.05878,175.5811
0.03622420,0.07017,237.5950
0.03622420,0.08377,328.9531
0.03622420,0.10000,463.6674
0.03622420,0.11938,662.7540
0.03622420,0.14251,958.0265
0.03622420,0.17013,1398.1980
0.03622420,0.20309,2058.9173
0.03622420,0.24245,3059.7292
0.03622420,0.28943,4593.6838
0.03622420,0.34551,6981.1043
0.03622420,0.41246,10772.0756
0.03622420,0.49239,16953.9841
0.03622420,0.58780,27405.6292
0.03622420,0.70170,45998.1089
0.03622420,0.83768,81671.3637
0.03622420,1.00000,158615.8180
0.03786734,0.00100,49.9298
0.03786734,0.00119,49.8357
0.03786734,0.00143,49.7273
0.03786734,0.00170,49.6036
0.03786734,0.00203,49.4641
0.03786734,0.00242,49.3091
0.03786734,0.00289,49.1407
0.03786734,0.00346,48.9632
0.03786734,0.00412,48.7851
0.03786734,0.00492,48.6206
0.03786734,0.00588,48.4931
0.03786734,0.00702,48.4390
0.03786734,0.00838,48.5150
0.03786734,0.01000,48.8067
0.03786734,0.01194,49.4427
0.03786734,0.01425,50.6143
0.03786734,0.01701,52.6043
0.03786734,0.02031,55.8294
0.03786734,0.02424,60.9014
0.03786734,0.02894,68.7171
0.03786734,0.03455,80.5905
0.03786734,0.04125,98.4469
0.03786734,0.04924,125.1118
0.03786734,0.05878,164.7410
0.03786734,0.07017,223.4674
0.03786734,0.08377,310.3833
0.03786734,0.10000,439.0486
0.03786734,0.11938,629.8369
0.03786734,0.14251,913.6466
0.03786734,0.17013,1337.8844
0.03786734,0.20309,1976.3335
0.03786734,0.24245,2945.8861
0.03786734,0.28943,4435.8665
0.03786734,0.34551,6761.5204
0.03786734,0.41246,10466.5237
0.03786734,0.49239,16531.9251
0.03786734,0.58780,26837.0425
0.03786734,0.70170,45288.5053
0.03786734,0.83768,81021.3286
0.03786734,1.00000,159322.9221
0.03958502,0.00100,49.9587
0.03958502,0.00119,49.8698
0.03958502,0.00143,49.7675
0.03958502,0.00170,49.6509
0.03958502,0.00203,49.5196
0.03958502,0.00242,49.3740
0.03958502,0.00289,49.2162
0.03958502,0.00346,49.0506
0.03958502,0.00412,48.8854
0.03958502,0.00492,48.7347
0.03958502,0.00588,48.6211
0.03958502,0.00702,48.5802
0.03958502,0.00838,48.6671
0.03958502,0.01000,48.9646
0.03958502,0.01194,49.5975
0.03958502,0.01425,50.7510
0.03958502,0.01701,52.6989
0.03958502,0.02031,55.8444
0.03958502,0.02424,60.7793
0.03958502,0.02894,68.3711
0.03958502,0.03455,79.8910
0.03958502,0.04125,97.2019
0.03958502,0.04924,123.0381
0.03958502,0.05878,161.4230
0.03958502,0.07017,218.2971
0.03958502,0.08377,302.4728
0.03958502,0.10000,427.1032
0.03958502,0.11938,611.9703
0.03958502,0.14251,887.1118
0.03958502,0.17013,1298.6822
0.03958502,0.20309,1918.6463
0.03958502,0.24245,2861.2689
0.03958502,0.28943,4312.1213
0.03958502,0.34551,6581.2356
0.03958502,0.41246,10205.5217
0.03958502,0.49239,16158.8959
0.03958502,0.58780,26319.5781
0.03958502,0.70170,44626.8478
0.03958502,0.83768,80408.5648
0.03958502,1.00000,160078.5273
0.04138061,0.00100,50.1166
0.04138061,0.00119,50.0579
0.04138061,0.00143,49.9916
0.04138061,0.00170,49.9176
0.04138061,0.00203,49.8368
0.04138061,0.00242,49.7511
0.04138061,0.00289,49.6640
0.04138061,0.00346,49.5818
0.04138061,0.00412,49.5149
0.04138061,0.00492,49.4794
0.04138061,0.00588,49.5005
0.04138061,0.00702,49.6165
0.04138061,0.00838,49.8846
0.04138061,0.01000,50.3903
0.04138061,0.01194,51.2597
0.04138061,0.01425,52.6785
0.04138061,0.01701,54.9187
0.04138061,0.02031,58.3783
0.04138061,0.02424,63.6382
0.04138061,0.02894,71.5465
0.04138061,0.03455,83.3413
0.04138061,0.04125,100.8324
0.04138061,0.04924,126.6710
0.04138061,0.05878,164.7513
0.04138061,0.07017,220.8175
0.04138061,0.08377,303.3843
0.04138061,0.10000,425.1566
0.04138061,0.11938,605.2431
0.04138061,0.14251,872.6712
0.04138061,0.17013,1272.0790
0.04138061,0.20309,1873.1515
0.04138061,0.24245,2786.7208
0.04138061,0.28943,4193.1853
0.04138061,0.34551,6394.8051
0.04138061,0.41246,9916.9653
0.04138061,0.49239,15717.1938
0.04138061,0.58780,25653.4626
0.04138061,0.70170,43654.5671
0.04138061,0.83768,79131.4963
0.04138061,1.00000,159287.9497
0.04325764,0.00100,50.3490
0.04325764,0.00119,50.3349
0.04325764,0.00143,50.3215
0.04325764,0.00170,50.3105
0.04325764,0.00203,50.3044
0.04325764,0.00242,50.3073
0.04325764,0.00289,50.3252
0.04325764,0.00346,50.3671
0.04325764,0.00412,50.4465
0.04325764,0.00492,50.5833
0.04325764,0.00588,50.8065
0.04325764,0.00702,51.1587
0.04325764,0.00838,51.7016
0.04325764,0.01000,52.5251
0.04325764,0.01194,53.7592
0.04325764,0.01425,55.5922
0.04325764,0.01701,58.2969
0.04325764,0.02031,62.2678
0.04325764,0.02424,68.0761
0.04325764,0.02894,76.5501
0.04325764,0.03455,88.8923
0.04325764,0.04125,106.8524
0.04325764,0.04924,132.9842
0.04325764,0.05878,171.0286
0.04325764,0.07017,226.4911
0.04325764,0.08377,307.5194
0.04325764,0.10000,426.2573
0.04325764,0.11938,600.9578
0.04325764,0.14251,859.3438
0.04325764,0.17013,1244.0588
0.04325764,0.20309,1821.7238
0.04325764,0.24245,2698.4293
0.04325764,0.28943,4047.1674
0.04325764,0.34551,6158.4984
0.04325764,0.41246,9539.0993
0.04325764,0.49239,15116.2814
0.04325764,0.58780,24699.2753
0.04325764,0.70170,42141.9521
0.04325764,0.83768,76771.8532
0.04325764,1.00000,156050.2343
0.04521983,0.00100,50.5913
0.04521983,0.00119,50.6235
0.04521983,0.00143,50.6653
0.04521983,0.00170,50.7197
0.04521983,0.00203,50.7913
0.04521983,0.00242,50.8862
0.04521983,0.00289,51.0129
0.04521983,0.00346,51.1834
0.04521983,0.00412,51.4142
0.04521983,0.00492,51.7288
0.04521983,0.00588,52.1602
0.04521983,0.00702,52.7550
0.04521983,0.00838,53.5791
0.04521983,0.01000,54.7262
0.04521983,0.01194,56.3293
0.04521983,0.01425,58.5783
0.04521983,0.01701,61.7442
0.04521983,0.02031,66.2148
0.04521983,0.02424,72.5470
0.04521983,0.02894,81.5416
0.04521983,0.03455,94.3542
0.04521983,0.04125,112.6581
0.04521983,0.04924,138.8850
0.04521983,0.05878,176.5851
0.04521983,0.07017,230.9695
0.04521983,0.08377,309.7347
0.04521983,0.10000,424.3353
0.04521983,0.11938,591.9721
0.04521983,0.14251,838.7582
0.04521983,0.17013,1204.8609
0.04521983,0.20309,1753.0647
0.04521983,0.24245,2583.4497
0.04521983,0.28943,3859.4605
0.04521983,0.34551,5856.2157
0.04521983,0.41246,9054.8580
0.04521983,0.49239,14339.3170
0.04521983,0.58780,23442.7879
0.04521983,0.70170,40081.7824
0.04521983,0.83768,73335.7774
0.04521983,1.00000,150374.6229
0.04727101,0.00100,50.8019
0.04727101,0.00119,50.8744
0.04727101,0.00143,50.9639
0.04727101,0.00170,51.0749
0.04727101,0.00203,51.2136
0.04727101,0.00242,51.3878
0.04727101,0.00289,51.6081
0.04727101,0.00346,51.8888
0.04727101,0.00412,52.2490
0.04727101,0.00492,52.7150
0.04727101,0.00588,53.3227
0.04727101,0.00702,54.1215
0.04727101,0.00838,55.1802
0.04727101,0.01000,56.5943
0.04727101,0.01194,58.4977
0.04727101,0.01425,61.0785
0.04727101,0.01701,64.6023
0.04727101,0.02031,69.4457
0.04727101,0.02424,76.1443
0.04727101,0.02894,85.4633
0.04727101,0.03455,98.5003
0.04727101,0.04125,116.8364
0.04727101,0.04924,142.7606
0.04727101,0.05878,179.6031
0.04727101,0.07017,232.2394
0.04727101,0.08377,307.8561
0.04727101,0.10000,417.1319
0.04727101,0.11938,576.0875
0.04727101,0.14251,809.0311
0.04727101,0.17013,1153.3515
0.04727101,0.20309,1667.5134
0.04727101,0.24245,2444.7934
0.04727101,0.28943,3637.7380
0.04727101,0.34551,5503.6310
0.04727101,0.41246,8493.6213
0.04727101,0.49239,13439.4269
0.04727101,0.58780,21979.2954
0.04727101,0.70170,37647.3993
0.04727101,0.83768,69150.7849
0.04727101,1.00000,142921.8226
0.04941524,0.00100,50.9547
0.04941524,0.00119,51.0561
0.04941524,0.00143,51.1799
0.04941524,0.00170,51.3316
0.04941524,0.00203,51.5183
0.04941524,0.00242,51.7490
0.04941524,0.00289,52.0357
0.04941524,0.00346,52.3941
0.04941524,0.00412,52.8450
0.04941524,0.00492,53.4160
0.04941524,0.00588,54.1446
0.04941524,0.00702,55.0815
0.04941524,0.00838,56.2958
0.04941524,0.01000,57.8828
0.04941524,0.01194,59.9738
0.04941524,0.01425,62.7520
0.04941524,0.01701,66.4733
0.04941524,0.02031,71.4975
0.04941524,0.02424,78.3330
0.04941524,0.02894,87.7018
0.04941524,0.03455,100.6344
0.04941524,0.04125,118.6088
0.04941524,0.04924,143.7573
0.04941524,0.05878,179.1734
0.04941524,0.07017,229.3756
0.04941524,0.08377,301.0123
0.04941524,0.10000,403.9501
0.04941524,0.11938,552.9784
0.04941524,0.14251,770.5274
0.04941524,0.17013,1091.0974
0.04941524,0.20309,1568.6566
0.04941524,0.24245,2289.3803
0.04941524,0.28943,3394.3831
0.04941524,0.34551,5122.1001
0.04941524,0.41246,7891.6384
0.04941524,0.49239,12478.0739
0.04941524,0.58780,20414.3090
0.04941524,0.70170,35025.0565
0.04941524,0.83768,64562.6630
0.04941524,1.00000,134394.7689
0.05165673,0.00100,51.0171
0.05165673,0.00119,51.1301
0.05165673,0.00143,51.2674
0.05165673,0.00170,51.4349
0.05165673,0.00203,51.6399
0.05165673,0.00242,51.8917
0.05165673,0.00289,52.2026
0.05165673,0.00346,52.5884
0.05165673,0.00412,53.0698
0.05165673,0.00492,53.6743
0.05165673,0.00588,54.4385
0.05165673,0.00702,55.4118
0.05165673,0.00838,56.6607
0.05165673,0.01000,58.2763
0.05165673,0.01194,60.3836
0.05165673,0.01425,63.1553
0.05165673,0.01701,66.8317
0.05165673,0.02031,71.7490
0.05165673,0.02424,78.3803
0.05165673,0.02894,87.3950
0.05165673,0.03455,99.7455
0.05165673,0.04125,116.7945
0.05165673,0.04924,140.5034
0.05165673,0.05878,173.7134
0.05165673,0.07017,220.5682
0.05165673,0.08377,287.1591
0.05165673,0.10000,382.5198
0.05165673,0.11938,520.1858
0.05165673,0.14251,720.6845
0.05165673,0.17013,1015.5964
0.05165673,0.20309,1454.3501
0.05165673,0.24245,2115.9403
0.05165673,0.28943,3129.8850
0.05165673,0.34551,4715.3863
0.05165673,0.41246,7258.5684
0.05165673,0.49239,11475.4569
0.05165673,0.58780,18787.1101
0.05165673,0.70170,32289.7483
0.05165673,0.83768,59717.2367
0.05165673,1.00000,125093.5186
0.05399990,0.00100,50.9610
0.05399990,0.00119,51.0625
0.05399990,0.00143,51.1859
0.05399990,0.00170,51.3364
0.05399990,0.00203,51.5206
0.05399990,0.00242,51.7471
0.05399990,0.00289,52.0266
0.05399990,0.00346,52.3735
0.05399990,0.00412,52.8065
0.05399990,0.00492,53.3504
0.05399990,0.00588,54.0381
0.05399990,0.00702,54.9141
0.05399990,0.00838,56.0384
0.05399990,0.01000,57.4933
0.05399990,0.01194,59.3914
0.05399990,0.01425,61.8887
0.05399990,0.01701,65.2019
0.05399990,0.02031,69.6347
0.05399990,0.02424,75.6143
0.05399990,0.02894,83.7452
0.05399990,0.03455,94.8878
0.05399990,0.04125,110.2735
0.05399990,0.04924,131.6753
0.05399990,0.05878,161.6620
0.05399990,0.07017,203.9817
0.05399990,0.08377,264.1463
0.05399990,0.10000,350.3340
0.05399990,0.11938,474.8055
0.05399990,0.14251,656.1668
0.05399990,0.17013,923.0645
0.05399990,0.20309,1320.3754
0.05399990,0.24245,1919.8973
0.05399990,0.28943,2839.4978
0.05399990,0.34551,4278.9664
0.05399990,0.41246,6590.8793
0.05399990,0.49239,10430.5210
0.05399990,0.58780,17102.0532
0.05399990,0.70170,29457.3733
0.05399990,0.83768,54656.5036
0.05399990,1.00000,115136.3013
0.05644935,0.00100,50.7955
0.05644935,0.00119,50.8644
0.05644935,0.00143,50.9487
0.05644935,0.00170,51.0521
0.05644935,0.00203,51.1797
0.05644935,0.00242,51.3379
0.05644935,0.00289,51.5350
0.05644935,0.00346,51.7822
0.05644935,0.00412,52.0943
0.05644935,0.00492,52.4910
0.05644935,0.00588,52.9992
0.05644935,0.00702,53.6553
0.05644935,0.00838,54.5092
0.05644935,0.01000,55.6298
0.05644935,0.01194,57.1126
0.05644935,0.01425,59.0906
0.05644935,0.01701,61.7505
0.05644935,0.02031,65.3551
0.05644935,0.02424,70.2766
0.05644935,0.02894,77.0443
0.05644935,0.03455,86.4149
0.05644935,0.04125,99.4755
0.05644935,0.04924,117.7965
0.05644935,0.05878,143.6602
0.05644935,0.07017,180.4046
0.05644935,0.08377,232.9496
0.05644935,0.10000,308.6089
0.05644935,0.11938,418.3664
0.05644935,0.14251,578.9168
0.05644935,0.17013,816.0008
0.05644935,0.20309,1169.9985
0.05644935,0.24245,1705.5994
0.05644935,0.28943,2529.1447
0.05644935,0.34551,3821.1386
0.05644935,0.41246,5900.6076
0.05644935,0.49239,9361.5050
0.05644935,0.58780,15388.3812
0.05644935,0.70170,26578.5678
0.05644935,0.83768,49478.9812
0.05644935,1.00000,104765.3453
0.05900991,0.00100,50.5758
0.05900991,0.00119,50.6017
0.05900991,0.00143,50.6344
0.05900991,0.00170,50.6759
0.05900991,0.00203,50.7292
0.05900991,0.00242,50.7980
0.05900991,0.00289,50.8876
0.05900991,0.00346,51.0053
0.05900991,0.00412,51.1609
0.05900991,0.00492,51.3683
0.05900991,0.00588,51.6469
0.05900991,0.00702,52.0238
0.05900991,0.00838,52.5371
0.05900991,0.01000,53.2406
0.05900991,0.01194,54.2102
0.05900991,0.01425,55.5542
0.05900991,0.01701,57.4261
0.05900991,0.02031,60.0454
0.05900991,0.02424,63.7265
0.05900991,0.02894,68.9207
0.05900991,0.03455,76.2790
0.05900991,0.04125,86.7430
0.05900991,0.04924,101.6814
0.05900991,0.05878,123.0935
0.05900991,0.07017,153.9164
0.05900991,0.08377,198.4952
0.05900991,0.10000,263.3095
0.05900991,0.11938,358.1167
0.05900991,0.14251,497.7807
0.05900991,0.17013,705.2649
0.05900991,0.20309,1016.6522
0.05900991,0.24245,1489.8332
0.05900991,0.28943,2220.0945
0.05900991,0.34551,3369.3654
0.05900991,0.41246,5224.1580
0.05900991,0.49239,8318.4827
0.05900991,0.58780,13718.6674
0.05900991,0.70170,23766.6516
0.05900991,0.83768,44381.5885
0.05900991,1.00000,94380.6730
0.06168662,0.00100,50.3703
0.06168662,0.00119,50.3559
0.06168662,0.00143,50.3403
0.06168662,0.00170,50.3239
0.06168662,0.00203,50.3077
0.06168662,0.00242,50.2931
0.06168662,0.00289,50.2822
0.06168662,0.00346,50.2788
0.06168662,0.00412,50.2883
0.06168662,0.00492,50.3190
0.06168662,0.00588,50.3835
0.06168662,0.00702,50.5000
0.06168662,0.00838,50.6959
0.06168662,0.01000,51.0109
0.06168662,0.01194,51.5033
0.06168662,0.01425,52.2578
0.06168662,0.01701,53.3981
0.06168662,0.02031,55.1036
0.06168662,0.02424,57.6356
0.06168662,0.02894,61.3742
0.06168662,0.03455,66.8733
0.06168662,0.04125,74.9415
0.06168662,0.04924,86.7631
0.06168662,0.05878,104.0788
0.06168662,0.07017,129.4592
0.06168662,0.08377,166.7237
0.06168662,0.10000,221.5885
0.06168662,0.11938,302.6870
0.06168662,0.14251,423.2032
0.06168662,0.17013,603.5450
0.06168662,0.20309,875.8315
0.06168662,0.24245,1291.6576
0.06168662,0.28943,1936.0298
0.06168662,0.34551,2953.5086
0.06168662,0.41246,4600.0012
0.06168662,0.49239,7352.6372
0.06168662,0.58780,12164.4346
0.06168662,0.70170,21129.4627
0.06168662,0.83768,39547.5981
0.06168662,1.00000,84362.5923
0.06448475,0.00100,50.2284
0.06448475,0.00119,50.1861
0.06448475,0.00143,50.1370
0.06448475,0.00170,50.0805
0.06448475,0.00203,50.0160
0.06448475,0.00242,49.9431
0.06448475,0.00289,49.8620
0.06448475,0.00346,49.7737
0.06448475,0.00412,49.6805
0.06448475,0.00492,49.5865
0.06448475,0.00588,49.4991
0.06448475,0.00702,49.4302
0.06448475,0.00838,49.3985
0.06448475,0.01000,49.4332
0.06448475,0.01194,49.5785
0.06448475,0.01425,49.9008
0.06448475,0.01701,50.4993
0.06448475,0.02031,51.5213
0.06448475,0.02424,53.1841
0.06448475,0.02894,55.8083
0.06448475,0.03455,59.8657
0.06448475,0.04125,66.0514
0.06448475,0.04924,75.3902
0.06448475,0.05878,89.3972
0.06448475,0.07017,110.3205
0.06448475,0.08377,141.5127
0.06448475,0.10000,188.0073
0.06448475,0.11938,257.4247
0.06448475,0.14251,361.4249
0.06448475,0.17013,518.0831
0.06448475,0.20309,755.8771
0.06448475,0.24245,1120.5839
0.06448475,0.28943,1687.6505
0.06448475,0.34551,2585.3842
0.06448475,0.41246,4040.8593
0.06448475,0.49239,6477.2232
0.06448475,0.58780,10739.0765
0.06448475,0.70170,18681.0892
0.06448475,0.83768,34998.4347
0.06448475,1.00000,74782.9709
0.06740980,0.00100,50.1764
0.06740980,0.00119,50.1237
0.06740980,0.00143,50.0620
0.06740980,0.00170,49.9901
0.06740980,0.00203,49.9069
0.06740980,0.00242,49.8113
0.06740980,0.00289,49.7024
0.06740980,0.00346,49.5799
0.06740980,0.00412,49.4445
0.06740980,0.00492,49.2981
0.06740980,0.00588,49.1454
0.06740980,0.00702,48.9943
0.06740980,0.00838,48.8588
0.06740980,0.01000,48.7613
0.06740980,0.01194,48.7367
0.06740980,0.01425,48.8391
0.06740980,0.01701,49.1507
0.06740980,0.02031,49.7946
0.06740980,0.02424,50.9552
0.06740980,0.02894,52.9061
0.06740980,0.03455,56.0533
0.06740980,0.04125,60.9973
0.06740980,0.04924,68.6279
0.06740980,0.05878,80.2647
0.06740980,0.07017,97.8709
0.06740980,0.08377,124.3805
0.06740980,0.10000,164.2053
0.06740980,0.11938,224.0327
0.06740980,0.14251,314.1026
0.06740980,0.17013,450.2955
0.06740980,0.20309,657.6338
0.06740980,0.24245,976.3303
0.06740980,0.28943,1472.6235
0.06740980,0.34551,2259.0579
0.06740980,0.41246,3534.5578
0.06740980,0.49239,5669.2041
0.06740980,0.58780,9400.2055
0.06740980,0.70170,16342.8887
0.06740980,0.83768,30579.8655
0.06740980,1.00000,65279.8414
0.07046753,0.00100,50.2178
0.07046753,0.00119,50.1726
0.07046753,0.00143,50.1199
0.07046753,0.00170,50.0584
0.07046753,0.00203,49.9873
0.07046753,0.00242,49.9057
0.07046753,0.00289,49.8128
0.07046753,0.00346,49.7085
0.07046753,0.00412,49.5933
0.07046753,0.00492,49.4691
0.07046753,0.00588,49.3399
0.07046753,0.00702,49.2129
0.07046753,0.00838,49.1003
0.07046753,0.01000,49.0217
0.07046753,0.01194,49.0078
0.07046753,0.01425,49.1057
0.07046753,0.01701,49.3871
0.07046753,0.02031,49.9596
0.07046753,0.02424,50.9835
0.07046753,0.02894,52.6972
0.07046753,0.03455,55.4537
0.07046753,0.04125,59.7755
0.07046753,0.04924,66.4357
0.07046753,0.05878,76.5805
0.07046753,0.07017,91.9141
0.07046753,0.08377,114.9819
0.07046753,0.10000,149.6085
0.07046753,0.11938,201.5863
0.07046753,0.14251,279.7769
0.07046753,0.17013,397.9077
0.07046753,0.20309,577.5802
0.07046753,0.24245,853.4562
0.07046753,0.28943,1282.5241
0.07046753,0.34551,1961.3944
0.07046753,0.41246,3060.3631
0.07046753,0.49239,4895.1974
0.07046753,0.58780,8092.3503
0.07046753,0.70170,14017.6544
0.07046753,0.83768,26103.2657
0.07046753,1.00000,55383.2276
0.07366396,0.00100,50.3256
0.07366396,0.00119,50.3009
0.07366396,0.00143,50.2724
0.07366396,0.00170,50.2398
0.07366396,0.00203,50.2027
0.07366396,0.00242,50.1612
0.07366396,0.00289,50.1155
0.07366396,0.00346,50.0665
0.07366396,0.00412,50.0159
0.07366396,0.00492,49.9669
0.07366396,0.00588,49.9246
0.07366396,0.00702,49.8971
0.07366396,0.00838,49.8975
0.07366396,0.01000,49.9453
0.07366396,0.01194,50.0701
0.07366396,0.01425,50.3164
0.07366396,0.01701,50.7499
0.07366396,0.02031,51.4680
0.07366396,0.02424,52.6140
0.07366396,0.02894,54.3987
0.07366396,0.03455,57.1317
0.07366396,0.04125,61.2679
0.07366396,0.04924,67.4769
0.07366396,0.05878,76.7463
0.07366396,0.07017,90.5387
0.07366396,0.08377,111.0307
0.07366396,0.10000,141.4821
0.07366396,0.11938,186.8153
0.07366396,0.14251,254.5393
0.07366396,0.17013,356.2539
0.07366396,0.20309,510.1603
0.07366396,0.24245,745.3750
0.07366396,0.28943,1109.6094
0.07366396,0.34551,1683.4399
0.07366396,0.41246,2608.2653
0.07366396,0.49239,4144.8616
0.07366396,0.58780,6807.1230
0.07366396,0.70170,11705.8574
0.07366396,0.83768,21600.7408
0.07366396,1.00000,45250.0128
0.07700538,0.00100,50.4504
0.07700538,0.00119,50.4496
0.07700538,0.00143,50.4494
0.07700538,0.00170,50.4503
0.07700538,0.00203,50.4529
0.07700538,0.00242,50.4583
0.07700538,0.00289,50.4680
0.07700538,0.00346,50.4841
0.07700538,0.00412,50.5100
0.07700538,0.00492,50.5503
0.07700538,0.00588,50.6119
0.07700538,0.00702,50.7046
0.07700538,0.00838,50.8428
0.07700538,0.01000,51.0470
0.07700538,0.01194,51.3471
0.07700538,0.01425,51.7861
0.07700538,0.01701,52.4259
0.07700538,0.02031,53.3562
0.07700538,0.02424,54.7063
0.07700538,0.02894,56.6635
0.07700538,0.03455,59.4994
0.07700538,0.04125,63.6088
0.07700538,0.04924,69.5675
0.07700538,0.05878,78.2184
0.07700538,0.07017,90.8012
0.07700538,0.08377,109.1505
0.07700538,0.10000,135.9999
0.07700538,0.11938,175.4583
0.07700538,0.14251,233.7666
0.07700538,0.17013,320.5263
0.07700538,0.20309,450.7407
0.07700538,0.24245,648.3086
0.07700538,0.28943,952.2106
0.07700538,0.34551,1427.9376
0.07700538,0.41246,2189.7201
0.07700538,0.49239,3446.6796
0.07700538,0.58780,5607.0738
0.07700538,0.70170,9542.4047
0.07700538,0.83768,17379.6831
0.07700538,1.00000,35707.5219
0.08049837,0.00100,50.5470
0.08049837,0.00119,50.5645
0.08049837,0.00143,50.5861
0.08049837,0.00170,50.6128
0.08049837,0.00203,50.6460
0.08049837,0.00242,50.6875
0.08049837,0.00289,50.7397
0.08049837,0.00346,50.8057
0.08049837,0.00412,50.8901
0.08049837,0.00492,50.9985
0.08049837,0.00588,51.1389
0.08049837,0.00702,51.3224
0.08049837,0.00838,51.5641
0.08049837,0.01000,51.8850
0.08049837,0.01194,52.3144
0.08049837,0.01425,52.8933
0.08049837,0.01701,53.6798
0.08049837,0.02031,54.7554
0.08049837,0.02424,56.2366
0.08049837,0.02894,58.2887
0.08049837,0.03455,61.1488
0.08049837,0.04125,65.1578
0.08049837,0.04924,70.8079
0.08049837,0.05878,78.8140
0.08049837,0.07017,90.2205
0.08049837,0.08377,106.5630
0.08049837,0.10000,130.1171
0.08049837,0.11938,164.2860
0.08049837,0.14251,214.2149
0.08049837,0.17013,287.7831
0.08049837,0.20309,397.2471
0.08049837,0.24245,562.0375
0.08049837,0.28943,813.6835
0.08049837,0.34551,1204.8447
0.08049837,0.41246,1826.7300
0.08049837,0.49239,2844.8609
0.08049837,0.58780,4578.6804
0.08049837,0.70170,7699.1455
0.08049837,0.83768,13803.3174
0.08049837,1.00000,27643.3643
0.08414980,0.00100,50.5888
0.08414980,0.00119,50.6143
0.08414980,0.00143,50.6451
0.08414980,0.00170,50.6827
0.08414980,0.00203,50.7287
0.08414980,0.00242,50.7851
0.08414980,0.00289,50.8547
0.08414980,0.00346,50.9409
0.08414980,0.00412,51.0483
0.08414980,0.00492,51.1829
0.08414980,0.00588,51.3528
0.08414980,0.00702,51.5687
0.08414980,0.00838,51.8451
0.08414980,0.01000,52.2019
0.08414980,0.01194,52.6663
0.08414980,0.01425,53.2755
0.08414980,0.01701,54.0817
0.08414980,0.02031,55.1574
0.08414980,0.02424,56.6045
0.08414980,0.02894,58.5669
0.08414980,0.03455,61.2490
0.08414980,0.04125,64.9424
0.08414980,0.04924,70.0656
0.08414980,0.05878,77.2232
0.08414980,0.07017,87.2937
0.08414980,0.08377,101.5634
0.08414980,0.10000,121.9310
0.08414980,0.11938,151.2252
0.08414980,0.14251,193.7071
0.08414980,0.17013,255.8797
0.08414980,0.20309,347.8217
0.08414980,0.24245,485.4494
0.08414980,0.28943,694.4776
0.08414980,0.34551,1017.6389
0.08414980,0.41246,1528.4925
0.08414980,0.49239,2359.4758
0.08414980,0.58780,3763.4325
0.08414980,0.70170,6263.0157
0.08414980,0.83768,11069.6908
0.08414980,1.00000,21624.9764
0.08796687,0.00100,50.5701
0.08796687,0.00119,50.5917
0.08796687,0.00143,50.6179
0.08796687,0.00170,50.6498
0.08796687,0.00203,50.6888
0.08796687,0.00242,50.7366
0.08796687,0.00289,50.7956
0.08796687,0.00346,50.8686
0.08796687,0.00412,50.9595
0.08796687,0.00492,51.0734
0.08796687,0.00588,51.2170
0.08796687,0.00702,51.3994
0.08796687,0.00838,51.6328
0.08796687,0.01000,51.9338
0.08796687,0.01194,52.3251
0.08796687,0.01425,52.8382
0.08796687,0.01701,53.5166
0.08796687,0.02031,54.4210
0.08796687,0.02424,55.6367
0.08796687,0.02894,57.2841
0.08796687,0.03455,59.5340
0.08796687,0.04125,62.6301
0.08796687,0.04924,66.9219
0.08796687,0.05878,72.9142
0.08796687,0.07017,81.3400
0.08796687,0.08377,93.2720
0.08796687,0.10000,110.2925
0.08796687,0.11938,134.7573
0.08796687,0.14251,170.2123
0.08796687,0.17013,222.0631
0.08796687,0.20309,298.6785
0.08796687,0.24245,413.2546
0.08796687,0.28943,587.0738
0.08796687,0.34551,855.4228
0.08796687,0.41246,1278.8653
0.08796687,0.49239,1966.0122
0.08796687,0.58780,3123.0678
0.08796687,0.70170,5172.6751
0.08796687,0.83768,9080.3323
0.08796687,1.00000,17531.8186
0.09195707,0.00100,50.5096
0.09195707,0.00119,50.5192
0.09195707,0.00143,50.5311
0.09195707,0.00170,50.5459
0.09195707,0.00203,50.5642
0.09195707,0.00242,50.5872
0.09195707,0.00289,50.6161
0.09195707,0.00346,50.6529
0.09195707,0.00412,50.6998
0.09195707,0.00492,50.7603
0.09195707,0.00588,50.8389
0.09195707,0.00702,50.9418
0.09195707,0.00838,51.0776
0.09195707,0.01000,51.2583
0.09195707,0.01194,51.5005
0.09195707,0.01425,51.8277
0.09195707,0.01701,52.2730
0.09195707,0.02031,52.8830
0.09195707,0.02424,53.7240
0.09195707,0.02894,54.8907
0.09195707,0.03455,56.5183
0.09195707,0.04125,58.8016
0.09195707,0.04924,62.0214
0.09195707,0.05878,66.5858
0.09195707,0.07017,73.0902
0.09195707,0.08377,82.4091
0.09195707,0.10000,95.8373
0.09195707,0.11938,115.3078
0.09195707,0.14251,143.7375
0.09195707,0.17013,185.5827
0.09195707,0.20309,247.7543
0.09195707,0.24245,341.1676
0.09195707,0.28943,483.4502
0.09195707,0.34551,703.8656
0.09195707,0.41246,1052.6987
0.09195707,0.49239,1620.2296
0.09195707,0.58780,2578.0615
0.09195707,0.70170,4278.3594
0.09195707,0.83768,7526.7639
0.09195707,1.00000,14591.9880
0.09612828,0.00100,50.4453
0.09612828,0.00119,50.4423
0.09612828,0.00143,50.4390
0.09612828,0.00170,50.4356
0.09612828,0.00203,50.4321
0.09612828,0.00242,50.4287
0.09612828,0.00289,50.4260
0.09612828,0.00346,50.4245
0.09612828,0.00412,50.4252
0.09612828,0.00492,50.4296
0.09612828,0.00588,50.4399
0.09612828,0.00702,50.4596
0.09612828,0.00838,50.4936
0.09612828,0.01000,50.5491
0.09612828,0.01194,50.6368
0.09612828,0.01425,50.7721
0.09612828,0.01701,50.9778
0.09612828,0.02031,51.2865
0.09612828,0.02424,51.7460
0.09612828,0.02894,52.4258
0.09612828,0.03455,53.4268
0.09612828,0.04125,54.8964
0.09612828,0.04924,57.0496
0.09612828,0.05878,60.2020
0.09612828,0.07017,64.8178
0.09612828,0.08377,71.5842
0.09612828,0.10000,81.5246
0.09612828,0.11938,96.1753
0.09612828,0.14251,117.8656
0.09612828,0.17013,150.1695
0.09612828,0.20309,198.6515
0.09612828,0.24245,272.1332
0.09612828,0.28943,384.9146
0.09612828,0.34551,560.8266
0.09612828,0.41246,840.9908
0.09612828,0.49239,1299.5936
0.09612828,0.58780,2078.4772
0.09612828,0.70170,3470.9609
0.09612828,0.83768,6155.4147
0.09612828,1.00000,12098.6687
0.10048869,0.00100,50.4126
0.10048869,0.00119,50.4031
0.10048869,0.00143,50.3920
0.10048869,0.00170,50.3792
0.10048869,0.00203,50.3643
0.10048869,0.00242,50.3472
0.10048869,0.00289,50.3277
0.10048869,0.00346,50.3058
0.10048869,0.00412,50.2817
0.10048869,0.00492,50.2556
0.10048869,0.00588,50.2285
0.10048869,0.00702,50.2019
0.10048869,0.00838,50.1783
0.10048869,0.01000,50.1617
0.10048869,0.01194,50.1586
0.10048869,0.01425,50.1789
0.10048869,0.01701,50.2375
0.10048869,0.02031,50.3568
0.10048869,0.02424,50.5703
0.10048869,0.02894,50.9276
0.10048869,0.03455,51.5021
0.10048869,0.04125,52.4025
0.10048869,0.04924,53.7893
0.10048869,0.05878,55.8999
0.10048869,0.07017,59.0868
0.10048869,0.08377,63.8752
0.10048869,0.10000,71.0519
0.10048869,0.11938,81.8046
0.10048869,0.14251,97.9421
0.10048869,0.17013,122.2529
0.10048869,0.20309,159.0970
0.10048869,0.24245,215.4168
0.10048869,0.28943,302.5179
0.10048869,0.34551,439.3354
0.10048869,0.41246,658.7318
0.10048869,0.49239,1020.4015
0.10048869,0.58780,1639.4645
0.10048869,0.70170,2756.6997
0.10048869,0.83768,4938.1054
0.10048869,1.00000,9888.9580
0.10504689,0.00100,50.4257
0.10504689,0.00119,50.4187
0.10504689,0.00143,50.4105
0.10504689,0.00170,50.4009
0.10504689,0.00203,50.3899
0.10504689,0.00242,50.3772
0.10504689,0.00289,50.3628
0.10504689,0.00346,50.3467
0.10504689,0.00412,50.3290
0.10504689,0.00492,50.3101
0.10504689,0.00588,50.2905
0.10504689,0.00702,50.2715
0.10504689,0.00838,50.2552
0.10504689,0.01000,50.2448
0.10504689,0.01194,50.2452
0.10504689,0.01425,50.2643
0.10504689,0.01701,50.3136
0.10504689,0.02031,50.4108
0.10504689,0.02424,50.5817
0.10504689,0.02894,50.8652
0.10504689,0.03455,51.3183
0.10504689,0.04125,52.0255
0.10504689,0.04924,53.1117
0.10504689,0.05878,54.7616
0.10504689,0.07017,57.2498
0.10504689,0.08377,60.9854
0.10504689,0.10000,66.5820
0.10504689,0.11938,74.9672
0.10504689,0.14251,87.5559
0.10504689,0.17013,106.5341
0.10504689,0.20309,135.3284
0.10504689,0.24245,179.4127
0.10504689,0.28943,247.7366
0.10504689,0.34551,355.3639
0.10504689,0.41246,528.6011
0.10504689,0.49239,815.6130
0.10504689,0.58780,1310.2415
0.10504689,0.70170,2211.4737
0.10504689,0.83768,3996.2734
0.10504689,1.00000,8162.6999
0.10981185,0.00100,50.4703
0.10981185,0.00119,50.4719
0.10981185,0.00143,50.4738
0.10981185,0.00170,50.4764
0.10981185,0.00203,50.4797
0.10981185,0.00242,50.4841
0.10981185,0.00289,50.4899
0.10981185,0.00346,50.4977
0.10981185,0.00412,50.5082
0.10981185,0.00492,50.5225
0.10981185,0.00588,50.5420
0.10981185,0.00702,50.5688
0.10981185,0.00838,50.6058
0.10981185,0.01000,50.6571
0.10981185,0.01194,50.7286
0.10981185,0.01425,50.8288
0.10981185,0.01701,50.9695
0.10981185,0.02031,51.1679
0.10981185,0.02424,51.4485
0.10981185,0.02894,51.8467
0.10981185,0.03455,52.4135
0.10981185,0.04125,53.2226
0.10981185,0.04924,54.3815
0.10981185,0.05878,56.0469
0.10981185,0.07017,58.4491
0.10981185,0.08377,61.9286
0.10981185,0.10000,66.9927
0.10981185,0.11938,74.4039
0.10981185,0.14251,85.3220
0.10981185,0.17013,101.5340
0.10981185,0.20309,125.8391
0.10981185,0.24245,162.7101
0.10981185,0.28943,219.4726
0.10981185,0.34551,308.4946
0.10981185,0.41246,451.4782
0.10981185,0.49239,688.4242
0.10981185,0.58780,1097.9899
0.10981185,0.70170,1849.0974
0.10981185,0.83768,3354.1112
0.10981185,1.00000,6957.5914
0.11479295,0.00100,50.5111
0.11479295,0.00119,50.5204
0.11479295,0.00143,50.5317
0.11479295,0.00170,50.5453
0.11479295,0.00203,50.5619
0.11479295,0.00242,50.5819
0.11479295,0.00289,50.6064
0.11479295,0.00346,50.6362
0.11479295,0.00412,50.6729
0.11479295,0.00492,50.7180
0.11479295,0.00588,50.7739
0.11479295,0.00702,50.8435
0.11479295,0.00838,50.9307
0.11479295,0.01000,51.0407
0.11479295,0.01194,51.1804
0.11479295,0.01425,51.3593
0.11479295,0.01701,51.5902
0.11479295,0.02031,51.8908
0.11479295,0.02424,52.2856
0.11479295,0.02894,52.8087
0.11479295,0.03455,53.5083
0.11479295,0.04125,54.4522
0.11479295,0.04924,55.7374
0.11479295,0.05878,57.5033
0.11479295,0.07017,59.9516
0.11479295,0.08377,63.3772
0.11479295,0.10000,68.2153
0.11479295,0.11938,75.1149
0.11479295,0.14251,85.0567
0.11479295,0.17013,99.5449
0.11479295,0.20309,120.9268
0.11479295,0.24245,152.9447
0.11479295,0.28943,201.7196
0.11479295,0.34551,277.5871
0.11479295,0.41246,398.7052
0.11479295,0.49239,598.6377
0.11479295,0.58780,943.6958
0.11479295,0.70170,1577.3541
0.11479295,0.83768,2854.1408
0.11479295,1.00000,5967.1148
0.12000000,0.00100,50.5168
0.12000000,0.00119,50.5272
0.12000000,0.00143,50.5397
0.12000000,0.00170,50.5548
0.12000000,0.00203,50.5730
0.12000000,0.00242,50.5950
0.12000000,0.00289,50.6216
0.12000000,0.00346,50.6540
0.12000000,0.00412,50.6934
0.12000000,0.00492,50.7417
0.12000000,0.00588,50.8009
0.12000000,0.00702,50.8739
0.12000000,0.00838,50.9644
0.12000000,0.01000,51.0772
0.12000000,0.01194,51.2187
0.12000000,0.01425,51.3974
0.12000000,0.01701,51.6248
0.12000000,0.02031,51.9165
0.12000000,0.02424,52.2939
0.12000000,0.02894,52.7864
0.12000000,0.03455,53.4351
0.12000000,0.04125,54.2977
0.12000000,0.04924,55.4558
0.12000000,0.05878,57.0260
0.12000000,0.07017,59.1761
0.12000000,0.08377,62.1504
0.12000000,0.10000,66.3074
0.12000000,0.11938,72.1806
0.12000000,0.14251,80.5734
0.12000000,0.17013,92.7147
0.12000000,0.20309,110.5189
0.12000000,0.24245,137.0324
0.12000000,0.28943,177.2329
0.12000000,0.34551,239.5176
0.12000000,0.41246,338.6349
0.12000000,0.49239,501.8527
0.12000000,0.58780,783.1070
0.12000000,0.70170,1299.4200
0.12000000,0.83768,2341.7796
0.12000000,1.00000,4920.4234
