4.60000,0.01000,481.0476
4.60000,0.01053,481.0521
4.60000,0.01109,481.0572
4.60000,0.01168,481.0630
4.60000,0.01230,481.0696
4.60000,0.01295,481.0769
4.60000,0.01364,481.0852
4.60000,0.01436,481.0945
4.60000,0.01513,481.1050
4.60000,0.01593,481.1167
4.60000,0.01678,481.1299
4.60000,0.01767,481.1446
4.60000,0.01861,481.1612
4.60000,0.01959,481.1797
4.60000,0.02064,481.2004
4.60000,0.02173,481.2237
4.60000,0.02288,481.2496
4.60000,0.02410,481.2787
4.60000,0.02538,481.3112
4.60000,0.02673,481.3475
4.60000,0.02815,481.3881
4.60000,0.02964,481.4335
4.60000,0.03122,481.4842
4.60000,0.03287,481.5408
4.60000,0.03462,481.6040
4.60000,0.03646,481.6747
4.60000,0.03839,481.7535
4.60000,0.04043,481.8416
4.60000,0.04258,481.9399
4.60000,0.04484,482.0497
4.60000,0.04722,482.1723
4.60000,0.04973,482.3092
4.60000,0.05237,482.4620
4.60000,0.05515,482.6327
4.60000,0.05808,482.8233
4.60000,0.06117,483.0361
4.60000,0.06442,483.2739
4.60000,0.06784,483.5396
4.60000,0.07144,483.8364
4.60000,0.07523,484.1681
4.60000,0.07923,484.5389
4.60000,0.08344,484.9534
4.60000,0.08787,485.4170
4.60000,0.09253,485.9357
4.60000,0.09745,486.5160
4.60000,0.10262,487.1656
4.60000,0.10807,487.8931
4.60000,0.11381,488.7080
4.60000,0.11985,489.6213
4.60000,0.12622,490.6453
4.60000,0.13292,491.7941
4.60000,0.13998,493.0834
4.60000,0.14741,494.5313
4.60000,0.15524,496.1584
4.60000,0.16349,497.9879
4.60000,0.17217,500.0466
4.60000,0.18131,502.3649
4.60000,0.19094,504.9776
4.60000,0.20108,507.9247
4.60000,0.21176,511.2520
4.60000,0.22301,515.0122
4.60000,0.23485,519.2663
4.60000,0.24732,524.0846
4.60000,0.26045,529.5486
4.60000,0.27429,535.7527
4.60000,0.28885,542.8073
4.60000,0.30419,550.8409
4.60000,0.32035,560.0043
4.60000,0.33736,570.4744
4.60000,0.35527,582.4600
4.60000,0.37414,596.2084
4.60000,0.39401,612.0132
4.60000,0.41493,630.2250
4.60000,0.43697,651.2639
4.60000,0.46017,675.6364
4.60000,0.48461,703.9562
4.60000,0.51035,736.9707
4.60000,0.53745,775.5968
4.60000,0.56599,820.9666
4.60000,0.59605,874.4882
4.60000,0.62770,937.9279
4.60000,0.66104,1013.5212
4.60000,0.69614,1104.1251
4.60000,0.73311,1213.4322
4.60000,0.77204,1346.2726
4.60000,0.81304,1509.0508
4.60000,0.85622,1710.3869
4.60000,0.90169,1962.0692
4.60000,0.94957,2280.4353
4.60000,1.00000,2685.1728
4.68118,0.01000,481.0556
4.68118,0.01053,481.0604
4.68118,0.01109,481.0659
4.68118,0.01168,481.0719
4.68118,0.01230,481.0788
4.68118,0.01295,481.0864
4.68118,0.01364,481.0949
4.68118,0.01436,481.1045
4.68118,0.01513,481.1152
4.68118,0.01593,481.1271
4.68118,0.01678,481.1405
4.68118,0.01767,481.1554
4.68118,0.01861,481.1721
4.68118,0.01959,481.1907
4.68118,0.02064,481.2115
4.68118,0.02173,481.2347
4.68118,0.02288,481.2606
4.68118,0.02410,481.2895
4.68118,0.02538,481.3217
4.68118,0.02673,481.3577
4.68118,0.02815,481.3978
4.68118,0.02964,481.4425
4.68118,0.03122,481.4924
4.68118,0.03287,481.5480
4.68118,0.03462,481.6101
4.68118,0.03646,481.6793
4.68118,0.03839,481.7564
4.68118,0.04043,481.8425
4.68118,0.04258,481.9384
4.68118,0.04484,482.0454
4.68118,0.04722,482.1648
4.68118,0.04973,482.2979
4.68118,0.05237,482.4464
4.68118,0.05515,482.6121
4.68118,0.05808,482.7970
4.68118,0.06117,483.0033
4.68118,0.06442,483.2336
4.68118,0.06784,483.4906
4.68118,0.07144,483.7777
4.68118,0.07523,484.0983
4.68118,0.07923,484.4564
4.68118,0.08344,484.8566
4.68118,0.08787,485.3038
4.68118,0.09253,485.8040
4.68118,0.09745,486.3633
4.68118,0.10262,486.9892
4.68118,0.10807,487.6897
4.68118,0.11381,488.4742
4.68118,0.11985,489.3530
4.68118,0.12622,490.3381
4.68118,0.13292,491.4427
4.68118,0.13998,492.6822
4.68118,0.14741,494.0738
4.68118,0.15524,495.6371
4.68118,0.16349,497.3946
4.68118,0.17217,499.3717
4.68118,0.18131,501.5977
4.68118,0.19094,504.1060
4.68118,0.20108,506.9347
4.68118,0.21176,510.1280
4.68118,0.22301,513.7363
4.68118,0.23485,517.8180
4.68118,0.24732,522.4406
4.68118,0.26045,527.6822
4.68118,0.27429,533.6334
4.68118,0.28885,540.4001
4.68118,0.30419,548.1056
4.68118,0.32035,556.8946
4.68118,0.33736,566.9369
4.68118,0.35527,578.4331
4.68118,0.37414,591.6205
4.68118,0.39401,606.7813
4.68118,0.41493,624.2522
4.68118,0.43697,644.4372
4.68118,0.46017,667.8233
4.68118,0.48461,695.0006
4.68118,0.51035,726.6887
4.68118,0.53745,763.7700
4.68118,0.56599,807.3351
4.68118,0.59605,858.7409
4.68118,0.62770,919.6906
4.68118,0.66104,992.3410
4.68118,0.69614,1079.4508
4.68118,0.73311,1184.5877
4.68118,0.77204,1312.4227
4.68118,0.81304,1469.1545
4.68118,0.85622,1663.1339
4.68118,0.90169,1905.7893
4.68118,0.94957,2212.9568
4.68118,1.00000,2603.2099
4.76379,0.01000,481.1905
4.76379,0.01053,481.2024
4.76379,0.01109,481.2151
4.76379,0.01168,481.2289
4.76379,0.01230,481.2438
4.76379,0.01295,481.2600
4.76379,0.01364,481.2774
4.76379,0.01436,481.2963
4.76379,0.01513,481.3168
4.76379,0.01593,481.3391
4.76379,0.01678,481.3633
4.76379,0.01767,481.3895
4.76379,0.01861,481.4180
4.76379,0.01959,481.4491
4.76379,0.02064,481.4829
4.76379,0.02173,481.5197
4.76379,0.02288,481.5599
4.76379,0.02410,481.6037
4.76379,0.02538,481.6516
4.76379,0.02673,481.7039
4.76379,0.02815,481.7611
4.76379,0.02964,481.8237
4.76379,0.03122,481.8922
4.76379,0.03287,481.9672
4.76379,0.03462,482.0495
4.76379,0.03646,482.1398
4.76379,0.03839,482.2389
4.76379,0.04043,482.3478
4.76379,0.04258,482.4676
4.76379,0.04484,482.5992
4.76379,0.04722,482.7442
4.76379,0.04973,482.9038
4.76379,0.05237,483.0797
4.76379,0.05515,483.2738
4.76379,0.05808,483.4879
4.76379,0.06117,483.7243
4.76379,0.06442,483.9855
4.76379,0.06784,484.2743
4.76379,0.07144,484.5938
4.76379,0.07523,484.9475
4.76379,0.07923,485.3393
4.76379,0.08344,485.7735
4.76379,0.08787,486.2552
4.76379,0.09253,486.7899
4.76379,0.09745,487.3837
4.76379,0.10262,488.0437
4.76379,0.10807,488.7778
4.76379,0.11381,489.5948
4.76379,0.11985,490.5049
4.76379,0.12622,491.5194
4.76379,0.13292,492.6512
4.76379,0.13998,493.9148
4.76379,0.14741,495.3268
4.76379,0.15524,496.9059
4.76379,0.16349,498.6737
4.76379,0.17217,500.6544
4.76379,0.18131,502.8758
4.76379,0.19094,505.3698
4.76379,0.20108,508.1728
4.76379,0.21176,511.3267
4.76379,0.22301,514.8796
4.76379,0.23485,518.8869
4.76379,0.24732,523.4128
4.76379,0.26045,528.5313
4.76379,0.27429,534.3287
4.76379,0.28885,540.9053
4.76379,0.30419,548.3782
4.76379,0.32035,556.8846
4.76379,0.33736,566.5858
4.76379,0.35527,577.6720
4.76379,0.37414,590.3683
4.76379,0.39401,604.9426
4.76379,0.41493,621.7145
4.76379,0.43697,641.0675
4.76379,0.46017,663.4641
4.76379,0.48461,689.4651
4.76379,0.51035,719.7544
4.76379,0.53745,755.1716
4.76379,0.56599,796.7546
4.76379,0.59605,845.7965
4.76379,0.62770,903.9216
4.76379,0.66104,973.1891
4.76379,0.69614,1056.2364
4.76379,0.73311,1156.4796
4.76379,0.77204,1278.3985
4.76379,0.81304,1427.9492
4.76379,0.85622,1613.1722
4.76379,0.90169,1845.0922
4.76379,0.94957,2138.9901
4.76379,1.00000,2511.8758
4.84786,0.01000,481.3326
4.84786,0.01053,481.3518
4.84786,0.01109,481.3723
4.84786,0.01168,481.3942
4.84786,0.01230,481.4176
4.84786,0.01295,481.4427
4.84786,0.01364,481.4695
4.84786,0.01436,481.4983
4.84786,0.01513,481.5291
4.84786,0.01593,481.5621
4.84786,0.01678,481.5976
4.84786,0.01767,481.6358
4.84786,0.01861,481.6768
4.84786,0.01959,481.7209
4.84786,0.02064,481.7683
4.84786,0.02173,481.8195
4.84786,0.02288,481.8746
4.84786,0.02410,481.9341
4.84786,0.02538,481.9983
4.84786,0.02673,482.0677
4.84786,0.02815,482.1428
4.84786,0.02964,482.2240
4.84786,0.03122,482.3120
4.84786,0.03287,482.4073
4.84786,0.03462,482.5108
4.84786,0.03646,482.6231
4.84786,0.03839,482.7451
4.84786,0.04043,482.8778
4.84786,0.04258,483.0223
4.84786,0.04484,483.1796
4.84786,0.04722,483.3511
4.84786,0.04973,483.5383
4.84786,0.05237,483.7427
4.84786,0.05515,483.9660
4.84786,0.05808,484.2103
4.84786,0.06117,484.4778
4.84786,0.06442,484.7709
4.84786,0.06784,485.0923
4.84786,0.07144,485.4450
4.84786,0.07523,485.8326
4.84786,0.07923,486.2587
4.84786,0.08344,486.7276
4.84786,0.08787,487.2441
4.84786,0.09253,487.8134
4.84786,0.09745,488.4417
4.84786,0.10262,489.1356
4.84786,0.10807,489.9027
4.84786,0.11381,490.7516
4.84786,0.11985,491.6917
4.84786,0.12622,492.7339
4.84786,0.13292,493.8906
4.84786,0.13998,495.1754
4.84786,0.14741,496.6042
4.84786,0.15524,498.1948
4.84786,0.16349,499.9673
4.84786,0.17217,501.9449
4.84786,0.18131,504.1539
4.84786,0.19094,506.6242
4.84786,0.20108,509.3902
4.84786,0.21176,512.4914
4.84786,0.22301,515.9730
4.84786,0.23485,519.8872
4.84786,0.24732,524.2943
4.84786,0.26045,529.2641
4.84786,0.27429,534.8773
4.84786,0.28885,541.2283
4.84786,0.30419,548.4269
4.84786,0.32035,556.6020
4.84786,0.33736,565.9047
4.84786,0.35527,576.5136
4.84786,0.37414,588.6397
4.84786,0.39401,602.5342
4.84786,0.41493,618.4970
4.84786,0.43697,636.8877
4.84786,0.46017,658.1404
4.84786,0.48461,682.7811
4.84786,0.51035,711.4520
4.84786,0.53745,744.9415
4.84786,0.56599,784.2250
4.84786,0.59605,830.5182
4.84786,0.62770,885.3491
4.84786,0.66104,950.6568
4.84786,0.69614,1028.9269
4.84786,0.73311,1123.3819
4.84786,0.77204,1238.2523
4.84786,0.81304,1379.1699
4.84786,0.85622,1553.7447
4.84786,0.90169,1772.4188
4.84786,0.94957,2049.6426
4.84786,1.00000,2400.4713
4.93342,0.01000,481.3556
4.93342,0.01053,481.3759
4.93342,0.01109,481.3974
4.93342,0.01168,481.4204
4.93342,0.01230,481.4450
4.93342,0.01295,481.4712
4.93342,0.01364,481.4993
4.93342,0.01436,481.5293
4.93342,0.01513,481.5614
4.93342,0.01593,481.5958
4.93342,0.01678,481.6326
4.93342,0.01767,481.6721
4.93342,0.01861,481.7144
4.93342,0.01959,481.7599
4.93342,0.02064,481.8088
4.93342,0.02173,481.8613
4.93342,0.02288,481.9178
4.93342,0.02410,481.9786
4.93342,0.02538,482.0442
4.93342,0.02673,482.1149
4.93342,0.02815,482.1911
4.93342,0.02964,482.2734
4.93342,0.03122,482.3624
4.93342,0.03287,482.4587
4.93342,0.03462,482.5629
4.93342,0.03646,482.6757
4.93342,0.03839,482.7981
4.93342,0.04043,482.9308
4.93342,0.04258,483.0750
4.93342,0.04484,483.2317
4.93342,0.04722,483.4022
4.93342,0.04973,483.5879
4.93342,0.05237,483.7901
4.93342,0.05515,484.0107
4.93342,0.05808,484.2516
4.93342,0.06117,484.5147
4.93342,0.06442,484.8024
4.93342,0.06784,485.1173
4.93342,0.07144,485.4623
4.93342,0.07523,485.8406
4.93342,0.07923,486.2557
4.93342,0.08344,486.7118
4.93342,0.08787,487.2132
4.93342,0.09253,487.7650
4.93342,0.09745,488.3730
4.93342,0.10262,489.0433
4.93342,0.10807,489.7831
4.93342,0.11381,490.6005
4.93342,0.11985,491.5045
4.93342,0.12622,492.5052
4.93342,0.13292,493.6143
4.93342,0.13998,494.8446
4.93342,0.14741,496.2110
4.93342,0.15524,497.7301
4.93342,0.16349,499.4211
4.93342,0.17217,501.3055
4.93342,0.18131,503.4080
4.93342,0.19094,505.7568
4.93342,0.20108,508.3840
4.93342,0.21176,511.3268
4.93342,0.22301,514.6276
4.93342,0.23485,518.3352
4.93342,0.24732,522.5062
4.93342,0.26045,527.2060
4.93342,0.27429,532.5105
4.93342,0.28885,538.5078
4.93342,0.30419,545.3012
4.93342,0.32035,553.0113
4.93342,0.33736,561.7800
4.93342,0.35527,571.7745
4.93342,0.37414,583.1929
4.93342,0.39401,596.2707
4.93342,0.41493,611.2893
4.93342,0.43697,628.5861
4.93342,0.46017,648.5683
4.93342,0.48461,671.7301
4.93342,0.51035,698.6741
4.93342,0.53745,730.1413
4.93342,0.56599,767.0479
4.93342,0.59605,810.5368
4.93342,0.62770,862.0453
4.93342,0.66104,923.3976
4.93342,0.69614,996.9337
4.93342,0.73311,1085.6890
4.93342,0.77204,1193.6505
4.93342,0.81304,1326.1283
4.93342,0.85622,1490.3016
4.93342,0.90169,1696.0211
4.93342,0.94957,1956.8971
4.93342,1.00000,2286.4057
5.02048,0.01000,481.1836
5.02048,0.01053,481.1944
5.02048,0.01109,481.2062
5.02048,0.01168,481.2188
5.02048,0.01230,481.2324
5.02048,0.01295,481.2471
5.02048,0.01364,481.2629
5.02048,0.01436,481.2800
5.02048,0.01513,481.2985
5.02048,0.01593,481.3185
5.02048,0.01678,481.3401
5.02048,0.01767,481.3635
5.02048,0.01861,481.3889
5.02048,0.01959,481.4164
5.02048,0.02064,481.4463
5.02048,0.02173,481.4788
5.02048,0.02288,481.5141
5.02048,0.02410,481.5525
5.02048,0.02538,481.5943
5.02048,0.02673,481.6398
5.02048,0.02815,481.6895
5.02048,0.02964,481.7436
5.02048,0.03122,481.8028
5.02048,0.03287,481.8674
5.02048,0.03462,481.9381
5.02048,0.03646,482.0154
5.02048,0.03839,482.1001
5.02048,0.04043,482.1929
5.02048,0.04258,482.2947
5.02048,0.04484,482.4064
5.02048,0.04722,482.5291
5.02048,0.04973,482.6639
5.02048,0.05237,482.8121
5.02048,0.05515,482.9753
5.02048,0.05808,483.1549
5.02048,0.06117,483.3529
5.02048,0.06442,483.5713
5.02048,0.06784,483.8123
5.02048,0.07144,484.0784
5.02048,0.07523,484.3725
5.02048,0.07923,484.6978
5.02048,0.08344,485.0578
5.02048,0.08787,485.4565
5.02048,0.09253,485.8985
5.02048,0.09745,486.3886
5.02048,0.10262,486.9327
5.02048,0.10807,487.5371
5.02048,0.11381,488.2091
5.02048,0.11985,488.9567
5.02048,0.12622,489.7892
5.02048,0.13292,490.7170
5.02048,0.13998,491.7519
5.02048,0.14741,492.9073
5.02048,0.15524,494.1985
5.02048,0.16349,495.6427
5.02048,0.17217,497.2597
5.02048,0.18131,499.0720
5.02048,0.19094,501.1054
5.02048,0.20108,503.3895
5.02048,0.21176,505.9581
5.02048,0.22301,508.8504
5.02048,0.23485,512.1112
5.02048,0.24732,515.7926
5.02048,0.26045,519.9549
5.02048,0.27429,524.6679
5.02048,0.28885,530.0132
5.02048,0.30419,536.0861
5.02048,0.32035,542.9982
5.02048,0.33736,550.8808
5.02048,0.35527,559.8888
5.02048,0.37414,570.2058
5.02048,0.39401,582.0503
5.02048,0.41493,595.6834
5.02048,0.43697,611.4186
5.02048,0.46017,629.6343
5.02048,0.48461,650.7899
5.02048,0.51035,675.4465
5.02048,0.53745,704.2935
5.02048,0.56599,738.1846
5.02048,0.59605,778.1847
5.02048,0.62770,825.6339
5.02048,0.66104,882.2341
5.02048,0.69614,950.1691
5.02048,0.73311,1032.2730
5.02048,0.77204,1132.2708
5.02048,0.81304,1255.1261
5.02048,0.85622,1407.5530
5.02048,0.90169,1598.7693
5.02048,0.94957,1841.5128
5.02048,1.00000,2148.1528
5.10908,0.01000,480.8723
5.10908,0.01053,480.8665
5.10908,0.01109,480.8606
5.10908,0.01168,480.8546
5.10908,0.01230,480.8486
5.10908,0.01295,480.8426
5.10908,0.01364,480.8366
5.10908,0.01436,480.8307
5.10908,0.01513,480.8249
5.10908,0.01593,480.8192
5.10908,0.01678,480.8138
5.10908,0.01767,480.8087
5.10908,0.01861,480.8040
5.10908,0.01959,480.7998
5.10908,0.02064,480.7961
5.10908,0.02173,480.7932
5.10908,0.02288,480.7911
5.10908,0.02410,480.7900
5.10908,0.02538,480.7902
5.10908,0.02673,480.7917
5.10908,0.02815,480.7948
5.10908,0.02964,480.7998
5.10908,0.03122,480.8070
5.10908,0.03287,480.8168
5.10908,0.03462,480.8294
5.10908,0.03646,480.8453
5.10908,0.03839,480.8651
5.10908,0.04043,480.8892
5.10908,0.04258,480.9183
5.10908,0.04484,480.9530
5.10908,0.04722,480.9942
5.10908,0.04973,481.0427
5.10908,0.05237,481.0995
5.10908,0.05515,481.1658
5.10908,0.05808,481.2427
5.10908,0.06117,481.3318
5.10908,0.06442,481.4346
5.10908,0.06784,481.5529
5.10908,0.07144,481.6888
5.10908,0.07523,481.8446
5.10908,0.07923,482.0228
5.10908,0.08344,482.2265
5.10908,0.08787,482.4589
5.10908,0.09253,482.7238
5.10908,0.09745,483.0254
5.10908,0.10262,483.3685
5.10908,0.10807,483.7586
5.10908,0.11381,484.2019
5.10908,0.11985,484.7052
5.10908,0.12622,485.2767
5.10908,0.13292,485.9253
5.10908,0.13998,486.6613
5.10908,0.14741,487.4964
5.10908,0.15524,488.4440
5.10908,0.16349,489.5192
5.10908,0.17217,490.7397
5.10908,0.18131,492.1253
5.10908,0.19094,493.6989
5.10908,0.20108,495.4870
5.10908,0.21176,497.5197
5.10908,0.22301,499.8321
5.10908,0.23485,502.4646
5.10908,0.24732,505.4640
5.10908,0.26045,508.8845
5.10908,0.27429,512.7896
5.10908,0.28885,517.2529
5.10908,0.30419,522.3608
5.10908,0.32035,528.2147
5.10908,0.33736,534.9340
5.10908,0.35527,542.6599
5.10908,0.37414,551.5597
5.10908,0.39401,561.8329
5.10908,0.41493,573.7181
5.10908,0.43697,587.5020
5.10908,0.46017,603.5309
5.10908,0.48461,622.2255
5.10908,0.51035,644.0998
5.10908,0.53745,669.7858
5.10908,0.56599,700.0659
5.10908,0.59605,735.9164
5.10908,0.62770,778.5656
5.10908,0.66104,829.5727
5.10908,0.69614,890.9373
5.10908,0.73311,965.2525
5.10908,0.77204,1055.9219
5.10908,0.81304,1167.4735
5.10908,0.85622,1306.0192
5.10908,0.90169,1479.9258
5.10908,0.94957,1700.7088
5.10908,1.00000,1979.4053
5.19925,0.01000,480.6629
5.19925,0.01053,480.6457
5.19925,0.01109,480.6278
5.19925,0.01168,480.6092
5.19925,0.01230,480.5898
5.19925,0.01295,480.5697
5.19925,0.01364,480.5489
5.19925,0.01436,480.5273
5.19925,0.01513,480.5049
5.19925,0.01593,480.4817
5.19925,0.01678,480.4578
5.19925,0.01767,480.4332
5.19925,0.01861,480.4078
5.19925,0.01959,480.3818
5.19925,0.02064,480.3550
5.19925,0.02173,480.3277
5.19925,0.02288,480.2998
5.19925,0.02410,480.2714
5.19925,0.02538,480.2427
5.19925,0.02673,480.2136
5.19925,0.02815,480.1844
5.19925,0.02964,480.1551
5.19925,0.03122,480.1260
5.19925,0.03287,480.0973
5.19925,0.03462,480.0692
5.19925,0.03646,480.0419
5.19925,0.03839,480.0159
5.19925,0.04043,479.9914
5.19925,0.04258,479.9689
5.19925,0.04484,479.9488
5.19925,0.04722,479.9319
5.19925,0.04973,479.9185
5.19925,0.05237,479.9097
5.19925,0.05515,479.9060
5.19925,0.05808,479.9086
5.19925,0.06117,479.9185
5.19925,0.06442,479.9369
5.19925,0.06784,479.9653
5.19925,0.07144,480.0053
5.19925,0.07523,480.0587
5.19925,0.07923,480.1276
5.19925,0.08344,480.2144
5.19925,0.08787,480.3218
5.19925,0.09253,480.4529
5.19925,0.09745,480.6112
5.19925,0.10262,480.8007
5.19925,0.10807,481.0260
5.19925,0.11381,481.2921
5.19925,0.11985,481.6051
5.19925,0.12622,481.9717
5.19925,0.13292,482.3995
5.19925,0.13998,482.8974
5.19925,0.14741,483.4754
5.19925,0.15524,484.1449
5.19925,0.16349,484.9192
5.19925,0.17217,485.8133
5.19925,0.18131,486.8446
5.19925,0.19094,488.0330
5.19925,0.20108,489.4015
5.19925,0.21176,490.9766
5.19925,0.22301,492.7890
5.19925,0.23485,494.8741
5.19925,0.24732,497.2730
5.19925,0.26045,500.0337
5.19925,0.27429,503.2119
5.19925,0.28885,506.8728
5.19925,0.30419,511.0928
5.19925,0.32035,515.9618
5.19925,0.33736,521.5855
5.19925,0.35527,528.0892
5.19925,0.37414,535.6217
5.19925,0.39401,544.3600
5.19925,0.41493,554.5164
5.19925,0.43697,566.3460
5.19925,0.46017,580.1568
5.19925,0.48461,596.3235
5.19925,0.51035,615.3035
5.19925,0.53745,637.6592
5.19925,0.56599,664.0870
5.19925,0.59605,695.4552
5.19925,0.62770,732.8555
5.19925,0.66104,777.6729
5.19925,0.69614,831.6816
5.19925,0.73311,897.1788
5.19925,0.77204,977.1752
5.19925,0.81304,1075.6678
5.19925,0.85622,1198.0376
5.19925,0.90169,1351.6275
5.19925,0.94957,1546.5039
5.19925,1.00000,1792.2164
5.29100,0.01000,480.7759
5.29100,0.01053,480.7646
5.29100,0.01109,480.7528
5.29100,0.01168,480.7407
5.29100,0.01230,480.7281
5.29100,0.01295,480.7151
5.29100,0.01364,480.7017
5.29100,0.01436,480.6879
5.29100,0.01513,480.6737
5.29100,0.01593,480.6591
5.29100,0.01678,480.6442
5.29100,0.01767,480.6290
5.29100,0.01861,480.6135
5.29100,0.01959,480.5978
5.29100,0.02064,480.5819
5.29100,0.02173,480.5660
5.29100,0.02288,480.5499
5.29100,0.02410,480.5340
5.29100,0.02538,480.5182
5.29100,0.02673,480.5027
5.29100,0.02815,480.4876
5.29100,0.02964,480.4732
5.29100,0.03122,480.4595
5.29100,0.03287,480.4468
5.29100,0.03462,480.4354
5.29100,0.03646,480.4256
5.29100,0.03839,480.4176
5.29100,0.04043,480.4119
5.29100,0.04258,480.4089
5.29100,0.04484,480.4091
5.29100,0.04722,480.4131
5.29100,0.04973,480.4214
5.29100,0.05237,480.4349
5.29100,0.05515,480.4542
5.29100,0.05808,480.4805
5.29100,0.06117,480.5146
5.29100,0.06442,480.5579
5.29100,0.06784,480.6117
5.29100,0.07144,480.6775
5.29100,0.07523,480.7571
5.29100,0.07923,480.8524
5.29100,0.08344,480.9658
5.29100,0.08787,481.0998
5.29100,0.09253,481.2572
5.29100,0.09745,481.4414
5.29100,0.10262,481.6561
5.29100,0.10807,481.9056
5.29100,0.11381,482.1946
5.29100,0.11985,482.5287
5.29100,0.12622,482.9141
5.29100,0.13292,483.3580
5.29100,0.13998,483.8683
5.29100,0.14741,484.4545
5.29100,0.15524,485.1271
5.29100,0.16349,485.8981
5.29100,0.17217,486.7815
5.29100,0.18131,487.7931
5.29100,0.19094,488.9511
5.29100,0.20108,490.2766
5.29100,0.21176,491.7938
5.29100,0.22301,493.5305
5.29100,0.23485,495.5191
5.29100,0.24732,497.7969
5.29100,0.26045,500.4073
5.29100,0.27429,503.4010
5.29100,0.28885,506.8370
5.29100,0.30419,510.7844
5.29100,0.32035,515.3242
5.29100,0.33736,520.5520
5.29100,0.35527,526.5805
5.29100,0.37414,533.5435
5.29100,0.39401,541.6001
5.29100,0.41493,550.9407
5.29100,0.43697,561.7937
5.29100,0.46017,574.4348
5.29100,0.48461,589.1982
5.29100,0.51035,606.4915
5.29100,0.53745,626.8152
5.29100,0.56599,650.7873
5.29100,0.59605,679.1768
5.29100,0.62770,712.9484
5.29100,0.66104,753.3221
5.29100,0.69614,801.8565
5.29100,0.73311,860.5624
5.29100,0.77204,932.0643
5.29100,0.81304,1019.8301
5.29100,0.85622,1128.5022
5.29100,0.90169,1264.3706
5.29100,0.94957,1435.9751
5.29100,1.00000,1651.0390
5.38438,0.01000,481.1094
5.38438,0.01053,481.1158
5.38438,0.01109,481.1227
5.38438,0.01168,481.1301
5.38438,0.01230,481.1382
5.38438,0.01295,481.1469
5.38438,0.01364,481.1564
5.38438,0.01436,481.1667
5.38438,0.01513,481.1779
5.38438,0.01593,481.1901
5.38438,0.01678,481.2034
5.38438,0.01767,481.2178
5.38438,0.01861,481.2335
5.38438,0.01959,481.2507
5.38438,0.02064,481.2694
5.38438,0.02173,481.2898
5.38438,0.02288,481.3121
5.38438,0.02410,481.3365
5.38438,0.02538,481.3633
5.38438,0.02673,481.3925
5.38438,0.02815,481.4245
5.38438,0.02964,481.4596
5.38438,0.03122,481.4982
5.38438,0.03287,481.5404
5.38438,0.03462,481.5869
5.38438,0.03646,481.6379
5.38438,0.03839,481.6940
5.38438,0.04043,481.7558
5.38438,0.04258,481.8238
5.38438,0.04484,481.8987
5.38438,0.04722,481.9812
5.38438,0.04973,482.0723
5.38438,0.05237,482.1728
5.38438,0.05515,482.2838
5.38438,0.05808,482.4064
5.38438,0.06117,482.5419
5.38438,0.06442,482.6918
5.38438,0.06784,482.8578
5.38438,0.07144,483.0416
5.38438,0.07523,483.2453
5.38438,0.07923,483.4711
5.38438,0.08344,483.7217
5.38438,0.08787,483.9999
5.38438,0.09253,484.3089
5.38438,0.09745,484.6524
5.38438,0.10262,485.0344
5.38438,0.10807,485.4597
5.38438,0.11381,485.9334
5.38438,0.11985,486.4613
5.38438,0.12622,487.0502
5.38438,0.13292,487.7075
5.38438,0.13998,488.4418
5.38438,0.14741,489.2627
5.38438,0.15524,490.1812
5.38438,0.16349,491.2098
5.38438,0.17217,492.3628
5.38438,0.18131,493.6563
5.38438,0.19094,495.1091
5.38438,0.20108,496.7422
5.38438,0.21176,498.5802
5.38438,0.22301,500.6511
5.38438,0.23485,502.9873
5.38438,0.24732,505.6260
5.38438,0.26045,508.6105
5.38438,0.27429,511.9908
5.38438,0.28885,515.8254
5.38438,0.30419,520.1823
5.38438,0.32035,525.1412
5.38438,0.33736,530.7955
5.38438,0.35527,537.2555
5.38438,0.37414,544.6516
5.38438,0.39401,553.1384
5.38438,0.41493,562.9005
5.38438,0.43697,574.1590
5.38438,0.46017,587.1799
5.38438,0.48461,602.2852
5.38438,0.51035,619.8667
5.38438,0.53745,640.4043
5.38438,0.56599,664.4896
5.38438,0.59605,692.8572
5.38438,0.62770,726.4264
5.38438,0.66104,766.3580
5.38438,0.69614,814.1314
5.38438,0.73311,871.6515
5.38438,0.77204,941.3992
5.38438,0.81304,1026.6451
5.38438,0.85622,1131.7564
5.38438,0.90169,1262.6335
5.38438,0.94957,1427.2555
5.38438,1.00000,1632.5898
5.47940,0.01000,481.3117
5.47940,0.01053,481.3288
5.47940,0.01109,481.3470
5.47940,0.01168,481.3663
5.47940,0.01230,481.3868
5.47940,0.01295,481.4087
5.47940,0.01364,481.4321
5.47940,0.01436,481.4570
5.47940,0.01513,481.4835
5.47940,0.01593,481.5118
5.47940,0.01678,481.5421
5.47940,0.01767,481.5744
5.47940,0.01861,481.6090
5.47940,0.01959,481.6459
5.47940,0.02064,481.6855
5.47940,0.02173,481.7279
5.47940,0.02288,481.7733
5.47940,0.02410,481.8220
5.47940,0.02538,481.8743
5.47940,0.02673,481.9305
5.47940,0.02815,481.9908
5.47940,0.02964,482.0557
5.47940,0.03122,482.1256
5.47940,0.03287,482.2008
5.47940,0.03462,482.2819
5.47940,0.03646,482.3694
5.47940,0.03839,482.4639
5.47940,0.04043,482.5660
5.47940,0.04258,482.6764
5.47940,0.04484,482.7959
5.47940,0.04722,482.9254
5.47940,0.04973,483.0657
5.47940,0.05237,483.2180
5.47940,0.05515,483.3835
5.47940,0.05808,483.5633
5.47940,0.06117,483.7590
5.47940,0.06442,483.9720
5.47940,0.06784,484.2043
5.47940,0.07144,484.4578
5.47940,0.07523,484.7346
5.47940,0.07923,485.0372
5.47940,0.08344,485.3683
5.47940,0.08787,485.7309
5.47940,0.09253,486.1286
5.47940,0.09745,486.5650
5.47940,0.10262,487.0444
5.47940,0.10807,487.5717
5.47940,0.11381,488.1522
5.47940,0.11985,488.7919
5.47940,0.12622,489.4978
5.47940,0.13292,490.2774
5.47940,0.13998,491.1394
5.47940,0.14741,492.0937
5.47940,0.15524,493.1514
5.47940,0.16349,494.3251
5.47940,0.17217,495.6292
5.47940,0.18131,497.0798
5.47940,0.19094,498.6957
5.47940,0.20108,500.4981
5.47940,0.21176,502.5113
5.47940,0.22301,504.7632
5.47940,0.23485,507.2860
5.47940,0.24732,510.1165
5.47940,0.26045,513.2976
5.47940,0.27429,516.8787
5.47940,0.28885,520.9173
5.47940,0.30419,525.4804
5.47940,0.32035,530.6463
5.47940,0.33736,536.5068
5.47940,0.35527,543.1700
5.47940,0.37414,550.7634
5.47940,0.39401,559.4385
5.47940,0.41493,569.3755
5.47940,0.43697,580.7903
5.47940,0.46017,593.9425
5.47940,0.48461,609.1460
5.47940,0.51035,626.7826
5.47940,0.53745,647.3197
5.47940,0.56599,671.3331
5.47940,0.59605,699.5376
5.47940,0.62770,732.8280
5.47940,0.66104,772.3335
5.47940,0.69614,819.4935
5.47940,0.73311,876.1617
5.47940,0.77204,944.7529
5.47940,0.81304,1028.4520
5.47940,0.85622,1131.5135
5.47940,0.90169,1259.6864
5.47940,0.94957,1420.7340
5.47940,1.00000,1621.0073
5.57610,0.01000,481.2032
5.57610,0.01053,481.2143
5.57610,0.01109,481.2263
5.57610,0.01168,481.2390
5.57610,0.01230,481.2526
5.57610,0.01295,481.2672
5.57610,0.01364,481.2828
5.57610,0.01436,481.2995
5.57610,0.01513,481.3173
5.57610,0.01593,481.3365
5.57610,0.01678,481.3571
5.57610,0.01767,481.3792
5.57610,0.01861,481.4030
5.57610,0.01959,481.4285
5.57610,0.02064,481.4560
5.57610,0.02173,481.4856
5.57610,0.02288,481.5174
5.57610,0.02410,481.5518
5.57610,0.02538,481.5889
5.57610,0.02673,481.6290
5.57610,0.02815,481.6723
5.57610,0.02964,481.7192
5.57610,0.03122,481.7699
5.57610,0.03287,481.8248
5.57610,0.03462,481.8844
5.57610,0.03646,481.9491
5.57610,0.03839,482.0193
5.57610,0.04043,482.0956
5.57610,0.04258,482.1786
5.57610,0.04484,482.2690
5.57610,0.04722,482.3675
5.57610,0.04973,482.4749
5.57610,0.05237,482.5922
5.57610,0.05515,482.7202
5.57610,0.05808,482.8602
5.57610,0.06117,483.0134
5.57610,0.06442,483.1812
5.57610,0.06784,483.3652
5.57610,0.07144,483.5670
5.57610,0.07523,483.7885
5.57610,0.07923,484.0320
5.57610,0.08344,484.2999
5.57610,0.08787,484.5948
5.57610,0.09253,484.9197
5.57610,0.09745,485.2781
5.57610,0.10262,485.6738
5.57610,0.10807,486.1110
5.57610,0.11381,486.5946
5.57610,0.11985,487.1300
5.57610,0.12622,487.7233
5.57610,0.13292,488.3814
5.57610,0.13998,489.1122
5.57610,0.14741,489.9245
5.57610,0.15524,490.8283
5.57610,0.16349,491.8352
5.57610,0.17217,492.9581
5.57610,0.18131,494.2118
5.57610,0.19094,495.6133
5.57610,0.20108,497.1818
5.57610,0.21176,498.9397
5.57610,0.22301,500.9123
5.57610,0.23485,503.1290
5.57610,0.24732,505.6236
5.57610,0.26045,508.4354
5.57610,0.27429,511.6097
5.57610,0.28885,515.1993
5.57610,0.30419,519.2658
5.57610,0.32035,523.8813
5.57610,0.33736,529.1303
5.57610,0.35527,535.1125
5.57610,0.37414,541.9458
5.57610,0.39401,549.7701
5.57610,0.41493,558.7521
5.57610,0.43697,569.0918
5.57610,0.46017,581.0299
5.57610,0.48461,594.8577
5.57610,0.51035,610.9299
5.57610,0.53745,629.6814
5.57610,0.56599,651.6483
5.57610,0.59605,677.4970
5.57610,0.62770,708.0626
5.57610,0.66104,744.4003
5.57610,0.69614,787.8567
5.57610,0.73311,840.1685
5.57610,0.77204,903.6004
5.57610,0.81304,981.1430
5.57610,0.85622,1076.7950
5.57610,0.90169,1195.9605
5.57610,0.94957,1345.9132
5.57610,1.00000,1531.8725
5.67450,0.01000,480.9997
5.67450,0.01053,480.9998
5.67450,0.01109,481.0001
5.67450,0.01168,481.0006
5.67450,0.01230,481.0013
5.67450,0.01295,481.0022
5.67450,0.01364,481.0033
5.67450,0.01436,481.0048
5.67450,0.01513,481.0066
5.67450,0.01593,481.0088
5.67450,0.01678,481.0114
5.67450,0.01767,481.0145
5.67450,0.01861,481.0182
5.67450,0.01959,481.0226
5.67450,0.02064,481.0277
5.67450,0.02173,481.0336
5.67450,0.02288,481.0405
5.67450,0.02410,481.0484
5.67450,0.02538,481.0575
5.67450,0.02673,481.0680
5.67450,0.02815,481.0800
5.67450,0.02964,481.0936
5.67450,0.03122,481.1092
5.67450,0.03287,481.1270
5.67450,0.03462,481.1471
5.67450,0.03646,481.1700
5.67450,0.03839,481.1959
5.67450,0.04043,481.2252
5.67450,0.04258,481.2584
5.67450,0.04484,481.2958
5.67450,0.04722,481.3381
5.67450,0.04973,481.3859
5.67450,0.05237,481.4397
5.67450,0.05515,481.5003
5.67450,0.05808,481.5686
5.67450,0.06117,481.6455
5.67450,0.06442,481.7321
5.67450,0.06784,481.8294
5.67450,0.07144,481.9389
5.67450,0.07523,482.0621
5.67450,0.07923,482.2006
5.67450,0.08344,482.3562
5.67450,0.08787,482.5313
5.67450,0.09253,482.7280
5.67450,0.09745,482.9492
5.67450,0.10262,483.1980
5.67450,0.10807,483.4777
5.67450,0.11381,483.7922
5.67450,0.11985,484.1461
5.67450,0.12622,484.5443
5.67450,0.13292,484.9926
5.67450,0.13998,485.4974
5.67450,0.14741,486.0660
5.67450,0.15524,486.7068
5.67450,0.16349,487.4295
5.67450,0.17217,488.2448
5.67450,0.18131,489.1654
5.67450,0.19094,490.2054
5.67450,0.20108,491.3814
5.67450,0.21176,492.7121
5.67450,0.22301,494.2193
5.67450,0.23485,495.9282
5.67450,0.24732,497.8676
5.67450,0.26045,500.0715
5.67450,0.27429,502.5787
5.67450,0.28885,505.4351
5.67450,0.30419,508.6940
5.67450,0.32035,512.4180
5.67450,0.33736,516.6807
5.67450,0.35527,521.5690
5.67450,0.37414,527.1861
5.67450,0.39401,533.6545
5.67450,0.41493,541.1207
5.67450,0.43697,549.7608
5.67450,0.46017,559.7869
5.67450,0.48461,571.4565
5.67450,0.51035,585.0839
5.67450,0.53745,601.0548
5.67450,0.56599,619.8461
5.67450,0.59605,642.0515
5.67450,0.62770,668.4167
5.67450,0.66104,699.8857
5.67450,0.69614,737.6661
5.67450,0.73311,783.3177
5.67450,0.77204,838.8793
5.67450,0.81304,907.0475
5.67450,0.85622,991.4332
5.67450,0.90169,1096.9172
5.67450,0.94957,1230.0397
5.67450,1.00000,1394.5923
5.77465,0.01000,481.0059
5.77465,0.01053,481.0063
5.77465,0.01109,481.0068
5.77465,0.01168,481.0075
5.77465,0.01230,481.0084
5.77465,0.01295,481.0095
5.77465,0.01364,481.0109
5.77465,0.01436,481.0125
5.77465,0.01513,481.0145
5.77465,0.01593,481.0169
5.77465,0.01678,481.0197
5.77465,0.01767,481.0230
5.77465,0.01861,481.0268
5.77465,0.01959,481.0312
5.77465,0.02064,481.0364
5.77465,0.02173,481.0423
5.77465,0.02288,481.0491
5.77465,0.02410,481.0570
5.77465,0.02538,481.0659
5.77465,0.02673,481.0761
5.77465,0.02815,481.0877
5.77465,0.02964,481.1009
5.77465,0.03122,481.1159
5.77465,0.03287,481.1329
5.77465,0.03462,481.1522
5.77465,0.03646,481.1740
5.77465,0.03839,481.1987
5.77465,0.04043,481.2265
5.77465,0.04258,481.2579
5.77465,0.04484,481.2933
5.77465,0.04722,481.3332
5.77465,0.04973,481.3781
5.77465,0.05237,481.4287
5.77465,0.05515,481.4856
5.77465,0.05808,481.5496
5.77465,0.06117,481.6215
5.77465,0.06442,481.7024
5.77465,0.06784,481.7933
5.77465,0.07144,481.8955
5.77465,0.07523,482.0102
5.77465,0.07923,482.1391
5.77465,0.08344,482.2839
5.77465,0.08787,482.4465
5.77465,0.09253,482.6292
5.77465,0.09745,482.8345
5.77465,0.10262,483.0652
5.77465,0.10807,483.3244
5.77465,0.11381,483.6158
5.77465,0.11985,483.9434
5.77465,0.12622,484.3118
5.77465,0.13292,484.7264
5.77465,0.13998,485.1930
5.77465,0.14741,485.7185
5.77465,0.15524,486.3104
5.77465,0.16349,486.9777
5.77465,0.17217,487.7304
5.77465,0.18131,488.5799
5.77465,0.19094,489.5394
5.77465,0.20108,490.6240
5.77465,0.21176,491.8511
5.77465,0.22301,493.2407
5.77465,0.23485,494.8158
5.77465,0.24732,496.6032
5.77465,0.26045,498.6338
5.77465,0.27429,500.9438
5.77465,0.28885,503.5751
5.77465,0.30419,506.5769
5.77465,0.32035,510.0068
5.77465,0.33736,513.9326
5.77465,0.35527,518.4344
5.77465,0.37414,523.6071
5.77465,0.39401,529.5637
5.77465,0.41493,536.4393
5.77465,0.43697,544.3961
5.77465,0.46017,553.6298
5.77465,0.48461,564.3779
5.77465,0.51035,576.9303
5.77465,0.53745,591.6430
5.77465,0.56599,608.9564
5.77465,0.59605,629.4191
5.77465,0.62770,653.7199
5.77465,0.66104,682.7319
5.77465,0.69614,717.5720
5.77465,0.73311,759.6840
5.77465,0.77204,810.9558
5.77465,0.81304,873.8859
5.77465,0.85622,951.8205
5.77465,0.90169,1049.2805
5.77465,0.94957,1172.3003
5.77465,1.00000,1323.7413
5.87656,0.01000,481.1515
5.87656,0.01053,481.1595
5.87656,0.01109,481.1682
5.87656,0.01168,481.1774
5.87656,0.01230,481.1873
5.87656,0.01295,481.1979
5.87656,0.01364,481.2093
5.87656,0.01436,481.2214
5.87656,0.01513,481.2345
5.87656,0.01593,481.2485
5.87656,0.01678,481.2636
5.87656,0.01767,481.2798
5.87656,0.01861,481.2972
5.87656,0.01959,481.3160
5.87656,0.02064,481.3362
5.87656,0.02173,481.3580
5.87656,0.02288,481.3816
5.87656,0.02410,481.4070
5.87656,0.02538,481.4344
5.87656,0.02673,481.4641
5.87656,0.02815,481.4963
5.87656,0.02964,481.5311
5.87656,0.03122,481.5688
5.87656,0.03287,481.6098
5.87656,0.03462,481.6542
5.87656,0.03646,481.7025
5.87656,0.03839,481.7550
5.87656,0.04043,481.8122
5.87656,0.04258,481.8745
5.87656,0.04484,481.9424
5.87656,0.04722,482.0165
5.87656,0.04973,482.0974
5.87656,0.05237,482.1858
5.87656,0.05515,482.2825
5.87656,0.05808,482.3884
5.87656,0.06117,482.5044
5.87656,0.06442,482.6316
5.87656,0.06784,482.7712
5.87656,0.07144,482.9245
5.87656,0.07523,483.0931
5.87656,0.07923,483.2786
5.87656,0.08344,483.4828
5.87656,0.08787,483.7079
5.87656,0.09253,483.9563
5.87656,0.09745,484.2305
5.87656,0.10262,484.5335
5.87656,0.10807,484.8687
5.87656,0.11381,485.2397
5.87656,0.11985,485.6510
5.87656,0.12622,486.1071
5.87656,0.13292,486.6136
5.87656,0.13998,487.1764
5.87656,0.14741,487.8026
5.87656,0.15524,488.5000
5.87656,0.16349,489.2776
5.87656,0.17217,490.1454
5.87656,0.18131,491.1151
5.87656,0.19094,492.1999
5.87656,0.20108,493.4150
5.87656,0.21176,494.7777
5.87656,0.22301,496.3081
5.87656,0.23485,498.0290
5.87656,0.24732,499.9671
5.87656,0.26045,502.1531
5.87656,0.27429,504.6226
5.87656,0.28885,507.4171
5.87656,0.30419,510.5849
5.87656,0.32035,514.1828
5.87656,0.33736,518.2772
5.87656,0.35527,522.9465
5.87656,0.37414,528.2835
5.87656,0.39401,534.3984
5.87656,0.41493,541.4228
5.87656,0.43697,549.5141
5.87656,0.46017,558.8624
5.87656,0.48461,569.6975
5.87656,0.51035,582.2999
5.87656,0.53745,597.0129
5.87656,0.56599,614.2606
5.87656,0.59605,634.5706
5.87656,0.62770,658.6037
5.87656,0.66104,687.1961
5.87656,0.69614,721.4148
5.87656,0.73311,762.6364
5.87656,0.77204,812.6565
5.87656,0.81304,873.8447
5.87656,0.85622,949.3647
5.87656,0.90169,1043.4740
5.87656,0.94957,1161.8220
5.87656,1.00000,1306.8081
5.98027,0.01000,481.1173
5.98027,0.01053,481.1235
5.98027,0.01109,481.1301
5.98027,0.01168,481.1372
5.98027,0.01230,481.1448
5.98027,0.01295,481.1530
5.98027,0.01364,481.1617
5.98027,0.01436,481.1712
5.98027,0.01513,481.1813
5.98027,0.01593,481.1923
5.98027,0.01678,481.2041
5.98027,0.01767,481.2168
5.98027,0.01861,481.2305
5.98027,0.01959,481.2453
5.98027,0.02064,481.2614
5.98027,0.02173,481.2787
5.98027,0.02288,481.2975
5.98027,0.02410,481.3178
5.98027,0.02538,481.3398
5.98027,0.02673,481.3638
5.98027,0.02815,481.3897
5.98027,0.02964,481.4180
5.98027,0.03122,481.4487
5.98027,0.03287,481.4821
5.98027,0.03462,481.5185
5.98027,0.03646,481.5581
5.98027,0.03839,481.6014
5.98027,0.04043,481.6487
5.98027,0.04258,481.7003
5.98027,0.04484,481.7568
5.98027,0.04722,481.8186
5.98027,0.04973,481.8863
5.98027,0.05237,481.9604
5.98027,0.05515,482.0418
5.98027,0.05808,482.1311
5.98027,0.06117,482.2293
5.98027,0.06442,482.3372
5.98027,0.06784,482.4559
5.98027,0.07144,482.5866
5.98027,0.07523,482.7307
5.98027,0.07923,482.8896
5.98027,0.08344,483.0650
5.98027,0.08787,483.2588
5.98027,0.09253,483.4730
5.98027,0.09745,483.7101
5.98027,0.10262,483.9726
5.98027,0.10807,484.2635
5.98027,0.11381,484.5863
5.98027,0.11985,484.9447
5.98027,0.12622,485.3429
5.98027,0.13292,485.7858
5.98027,0.13998,486.2789
5.98027,0.14741,486.8283
5.98027,0.15524,487.4412
5.98027,0.16349,488.1255
5.98027,0.17217,488.8904
5.98027,0.18131,489.7463
5.98027,0.19094,490.7050
5.98027,0.20108,491.7802
5.98027,0.21176,492.9875
5.98027,0.22301,494.3448
5.98027,0.23485,495.8729
5.98027,0.24732,497.5955
5.98027,0.26045,499.5404
5.98027,0.27429,501.7395
5.98027,0.28885,504.2302
5.98027,0.30419,507.0560
5.98027,0.32035,510.2679
5.98027,0.33736,513.9257
5.98027,0.35527,518.1000
5.98027,0.37414,522.8741
5.98027,0.39401,528.3472
5.98027,0.41493,534.6375
5.98027,0.43697,541.8868
5.98027,0.46017,550.2657
5.98027,0.48461,559.9810
5.98027,0.51035,571.2843
5.98027,0.53745,584.4841
5.98027,0.56599,599.9611
5.98027,0.59605,618.1885
5.98027,0.62770,639.7588
5.98027,0.66104,665.4210
5.98027,0.69614,696.1307
5.98027,0.73311,733.1188
5.98027,0.77204,777.9896
5.98027,0.81304,832.8575
5.98027,0.85622,900.5408
5.98027,0.90169,984.8240
5.98027,0.94957,1090.7096
5.98027,1.00000,1220.0792
6.08580,0.01000,480.8767
6.08580,0.01053,480.8699
6.08580,0.01109,480.8628
6.08580,0.01168,480.8555
6.08580,0.01230,480.8479
6.08580,0.01295,480.8400
6.08580,0.01364,480.8318
6.08580,0.01436,480.8234
6.08580,0.01513,480.8147
6.08580,0.01593,480.8058
6.08580,0.01678,480.7966
6.08580,0.01767,480.7872
6.08580,0.01861,480.7775
6.08580,0.01959,480.7677
6.08580,0.02064,480.7576
6.08580,0.02173,480.7474
6.08580,0.02288,480.7371
6.08580,0.02410,480.7267
6.08580,0.02538,480.7163
6.08580,0.02673,480.7059
6.08580,0.02815,480.6957
6.08580,0.02964,480.6856
6.08580,0.03122,480.6757
6.08580,0.03287,480.6663
6.08580,0.03462,480.6573
6.08580,0.03646,480.6490
6.08580,0.03839,480.6416
6.08580,0.04043,480.6351
6.08580,0.04258,480.6298
6.08580,0.04484,480.6259
6.08580,0.04722,480.6238
6.08580,0.04973,480.6238
6.08580,0.05237,480.6262
6.08580,0.05515,480.6314
6.08580,0.05808,480.6399
6.08580,0.06117,480.6522
6.08580,0.06442,480.6690
6.08580,0.06784,480.6909
6.08580,0.07144,480.7188
6.08580,0.07523,480.7535
6.08580,0.07923,480.7959
6.08580,0.08344,480.8474
6.08580,0.08787,480.9092
6.08580,0.09253,480.9827
6.08580,0.09745,481.0697
6.08580,0.10262,481.1720
6.08580,0.10807,481.2919
6.08580,0.11381,481.4318
6.08580,0.11985,481.5946
6.08580,0.12622,481.7834
6.08580,0.13292,482.0020
6.08580,0.13998,482.2544
6.08580,0.14741,482.5456
6.08580,0.15524,482.8809
6.08580,0.16349,483.2665
6.08580,0.17217,483.7097
6.08580,0.18131,484.2187
6.08580,0.19094,484.8028
6.08580,0.20108,485.4730
6.08580,0.21176,486.2418
6.08580,0.22301,487.1235
6.08580,0.23485,488.1350
6.08580,0.24732,489.2956
6.08580,0.26045,490.6278
6.08580,0.27429,492.1578
6.08580,0.28885,493.9163
6.08580,0.30419,495.9390
6.08580,0.32035,498.2681
6.08580,0.33736,500.9530
6.08580,0.35527,504.0523
6.08580,0.37414,507.6354
6.08580,0.39401,511.7849
6.08580,0.41493,516.5995
6.08580,0.43697,522.1979
6.08580,0.46017,528.7229
6.08580,0.48461,536.3480
6.08580,0.51035,545.2845
6.08580,0.53745,555.7918
6.08580,0.56599,568.1900
6.08580,0.59605,582.8769
6.08580,0.62770,600.3514
6.08580,0.66104,621.2431
6.08580,0.69614,646.3551
6.08580,0.73311,676.7210
6.08580,0.77204,713.6849
6.08580,0.81304,759.0143
6.08580,0.85622,815.0565
6.08580,0.90169,884.9458
6.08580,0.94957,972.7794
6.08580,1.00000,1079.5142
6.19321,0.01000,480.7361
6.19321,0.01053,480.7218
6.19321,0.01109,480.7067
6.19321,0.01168,480.6909
6.19321,0.01230,480.6745
6.19321,0.01295,480.6572
6.19321,0.01364,480.6391
6.19321,0.01436,480.6203
6.19321,0.01513,480.6006
6.19321,0.01593,480.5800
6.19321,0.01678,480.5585
6.19321,0.01767,480.5361
6.19321,0.01861,480.5128
6.19321,0.01959,480.4885
6.19321,0.02064,480.4631
6.19321,0.02173,480.4368
6.19321,0.02288,480.4095
6.19321,0.02410,480.3811
6.19321,0.02538,480.3516
6.19321,0.02673,480.3211
6.19321,0.02815,480.2896
6.19321,0.02964,480.2570
6.19321,0.03122,480.2233
6.19321,0.03287,480.1887
6.19321,0.03462,480.1531
6.19321,0.03646,480.1166
6.19321,0.03839,480.0793
6.19321,0.04043,480.0411
6.19321,0.04258,480.0023
6.19321,0.04484,479.9630
6.19321,0.04722,479.9233
6.19321,0.04973,479.8833
6.19321,0.05237,479.8433
6.19321,0.05515,479.8036
6.19321,0.05808,479.7644
6.19321,0.06117,479.7260
6.19321,0.06442,479.6890
6.19321,0.06784,479.6536
6.19321,0.07144,479.6206
6.19321,0.07523,479.5904
6.19321,0.07923,479.5639
6.19321,0.08344,479.5419
6.19321,0.08787,479.5253
6.19321,0.09253,479.5152
6.19321,0.09745,479.5130
6.19321,0.10262,479.5200
6.19321,0.10807,479.5380
6.19321,0.11381,479.5689
6.19321,0.11985,479.6150
6.19321,0.12622,479.6788
6.19321,0.13292,479.7633
6.19321,0.13998,479.8718
6.19321,0.14741,480.0082
6.19321,0.15524,480.1771
6.19321,0.16349,480.3836
6.19321,0.17217,480.6336
6.19321,0.18131,480.9340
6.19321,0.19094,481.2927
6.19321,0.20108,481.7189
6.19321,0.21176,482.2232
6.19321,0.22301,482.8179
6.19321,0.23485,483.5172
6.19321,0.24732,484.3379
6.19321,0.26045,485.2993
6.19321,0.27429,486.4239
6.19321,0.28885,487.7384
6.19321,0.30419,489.2739
6.19321,0.32035,491.0671
6.19321,0.33736,493.1611
6.19321,0.35527,495.6074
6.19321,0.37414,498.4667
6.19321,0.39401,501.8119
6.19321,0.41493,505.7300
6.19321,0.43697,510.3256
6.19321,0.46017,515.7255
6.19321,0.48461,522.0832
6.19321,0.51035,529.5867
6.19321,0.53745,538.4666
6.19321,0.56599,549.0080
6.19321,0.59605,561.5660
6.19321,0.62770,576.5860
6.19321,0.66104,594.6314
6.19321,0.69614,616.4210
6.19321,0.73311,642.8809
6.19321,0.77204,675.2167
6.19321,0.81304,715.0143
6.19321,0.85622,764.3799
6.19321,0.90169,826.1245
6.19321,0.94957,903.9077
6.19321,1.00000,998.2362
6.30250,0.01000,480.9272
6.30250,0.01053,480.9229
6.30250,0.01109,480.9186
6.30250,0.01168,480.9141
6.30250,0.01230,480.9094
6.30250,0.01295,480.9047
6.30250,0.01364,480.8998
6.30250,0.01436,480.8947
6.30250,0.01513,480.8896
6.30250,0.01593,480.8844
6.30250,0.01678,480.8791
6.30250,0.01767,480.8738
6.30250,0.01861,480.8684
6.30250,0.01959,480.8630
6.30250,0.02064,480.8576
6.30250,0.02173,480.8522
6.30250,0.02288,480.8469
6.30250,0.02410,480.8418
6.30250,0.02538,480.8368
6.30250,0.02673,480.8321
6.30250,0.02815,480.8278
6.30250,0.02964,480.8238
6.30250,0.03122,480.8203
6.30250,0.03287,480.8175
6.30250,0.03462,480.8153
6.30250,0.03646,480.8140
6.30250,0.03839,480.8138
6.30250,0.04043,480.8148
6.30250,0.04258,480.8171
6.30250,0.04484,480.8211
6.30250,0.04722,480.8271
6.30250,0.04973,480.8352
6.30250,0.05237,480.8459
6.30250,0.05515,480.8595
6.30250,0.05808,480.8765
6.30250,0.06117,480.8974
6.30250,0.06442,480.9227
6.30250,0.06784,480.9531
6.30250,0.07144,480.9892
6.30250,0.07523,481.0320
6.30250,0.07923,481.0822
6.30250,0.08344,481.1411
6.30250,0.08787,481.2096
6.30250,0.09253,481.2892
6.30250,0.09745,481.3814
6.30250,0.10262,481.4880
6.30250,0.10807,481.6107
6.30250,0.11381,481.7520
6.30250,0.11985,481.9143
6.30250,0.12622,482.1004
6.30250,0.13292,482.3137
6.30250,0.13998,482.5578
6.30250,0.14741,482.8370
6.30250,0.15524,483.1562
6.30250,0.16349,483.5208
6.30250,0.17217,483.9372
6.30250,0.18131,484.4127
6.30250,0.19094,484.9556
6.30250,0.20108,485.5755
6.30250,0.21176,486.2834
6.30250,0.22301,487.0920
6.30250,0.23485,488.0161
6.30250,0.24732,489.0728
6.30250,0.26045,490.2818
6.30250,0.27429,491.6663
6.30250,0.28885,493.2530
6.30250,0.30419,495.0734
6.30250,0.32035,497.1645
6.30250,0.33736,499.5698
6.30250,0.35527,502.3405
6.30250,0.37414,505.5376
6.30250,0.39401,509.2334
6.30250,0.41493,513.5144
6.30250,0.43697,518.4846
6.30250,0.46017,524.2691
6.30250,0.48461,531.0197
6.30250,0.51035,538.9215
6.30250,0.53745,548.2014
6.30250,0.56599,559.1395
6.30250,0.59605,572.0841
6.30250,0.62770,587.4714
6.30250,0.66104,605.8525
6.30250,0.69614,627.9294
6.30250,0.73311,654.6062
6.30250,0.77204,687.0579
6.30250,0.81304,726.8289
6.30250,0.85622,775.9682
6.30250,0.90169,837.2054
6.30250,0.94957,914.0797
6.30250,1.00000,1006.8049
6.41373,0.01000,481.3006
6.41373,0.01053,481.3162
6.41373,0.01109,481.3328
6.41373,0.01168,481.3503
6.41373,0.01230,481.3689
6.41373,0.01295,481.3885
6.41373,0.01364,481.4093
6.41373,0.01436,481.4314
6.41373,0.01513,481.4549
6.41373,0.01593,481.4797
6.41373,0.01678,481.5061
6.41373,0.01767,481.5341
6.41373,0.01861,481.5638
6.41373,0.01959,481.5954
6.41373,0.02064,481.6289
6.41373,0.02173,481.6646
6.41373,0.02288,481.7026
6.41373,0.02410,481.7430
6.41373,0.02538,481.7860
6.41373,0.02673,481.8318
6.41373,0.02815,481.8806
6.41373,0.02964,481.9327
6.41373,0.03122,481.9883
6.41373,0.03287,482.0476
6.41373,0.03462,482.1110
6.41373,0.03646,482.1787
6.41373,0.03839,482.2512
6.41373,0.04043,482.3287
6.41373,0.04258,482.4118
6.41373,0.04484,482.5008
6.41373,0.04722,482.5963
6.41373,0.04973,482.6987
6.41373,0.05237,482.8088
6.41373,0.05515,482.9271
6.41373,0.05808,483.0544
6.41373,0.06117,483.1915
6.41373,0.06442,483.3392
6.41373,0.06784,483.4985
6.41373,0.07144,483.6705
6.41373,0.07523,483.8564
6.41373,0.07923,484.0575
6.41373,0.08344,484.2752
6.41373,0.08787,484.5111
6.41373,0.09253,484.7671
6.41373,0.09745,485.0451
6.41373,0.10262,485.3474
6.41373,0.10807,485.6765
6.41373,0.11381,486.0350
6.41373,0.11985,486.4262
6.41373,0.12622,486.8535
6.41373,0.13292,487.3209
6.41373,0.13998,487.8326
6.41373,0.14741,488.3937
6.41373,0.15524,489.0097
6.41373,0.16349,489.6870
6.41373,0.17217,490.4326
6.41373,0.18131,491.2548
6.41373,0.19094,492.1626
6.41373,0.20108,493.1665
6.41373,0.21176,494.2786
6.41373,0.22301,495.5124
6.41373,0.23485,496.8837
6.41373,0.24732,498.4104
6.41373,0.26045,500.1133
6.41373,0.27429,502.0164
6.41373,0.28885,504.1475
6.41373,0.30419,506.5388
6.41373,0.32035,509.2280
6.41373,0.33736,512.2591
6.41373,0.35527,515.6839
6.41373,0.37414,519.5633
6.41373,0.39401,523.9695
6.41373,0.41493,528.9884
6.41373,0.43697,534.7224
6.41373,0.46017,541.2945
6.41373,0.48461,548.8534
6.41373,0.51035,557.5792
6.41373,0.53745,567.6923
6.41373,0.56599,579.4633
6.41373,0.59605,593.2279
6.41373,0.62770,609.4047
6.41373,0.66104,628.5209
6.41373,0.69614,651.2464
6.41373,0.73311,678.4403
6.41373,0.77204,711.2166
6.41373,0.81304,751.0337
6.41373,0.85622,799.8193
6.41373,0.90169,860.1254
6.41373,0.94957,935.2155
6.41373,1.00000,1024.4988
6.52692,0.01000,481.4078
6.52692,0.01053,481.4290
6.52692,0.01109,481.4515
6.52692,0.01168,481.4753
6.52692,0.01230,481.5004
6.52692,0.01295,481.5270
6.52692,0.01364,481.5550
6.52692,0.01436,481.5848
6.52692,0.01513,481.6162
6.52692,0.01593,481.6495
6.52692,0.01678,481.6848
6.52692,0.01767,481.7221
6.52692,0.01861,481.7617
6.52692,0.01959,481.8036
6.52692,0.02064,481.8480
6.52692,0.02173,481.8951
6.52692,0.02288,481.9450
6.52692,0.02410,481.9980
6.52692,0.02538,482.0542
6.52692,0.02673,482.1140
6.52692,0.02815,482.1774
6.52692,0.02964,482.2448
6.52692,0.03122,482.3165
6.52692,0.03287,482.3927
6.52692,0.03462,482.4738
6.52692,0.03646,482.5601
6.52692,0.03839,482.6521
6.52692,0.04043,482.7501
6.52692,0.04258,482.8546
6.52692,0.04484,482.9661
6.52692,0.04722,483.0851
6.52692,0.04973,483.2123
6.52692,0.05237,483.3482
6.52692,0.05515,483.4936
6.52692,0.05808,483.6492
6.52692,0.06117,483.8158
6.52692,0.06442,483.9945
6.52692,0.06784,484.1862
6.52692,0.07144,484.3919
6.52692,0.07523,484.6130
6.52692,0.07923,484.8508
6.52692,0.08344,485.1067
6.52692,0.08787,485.3825
6.52692,0.09253,485.6799
6.52692,0.09745,486.0009
6.52692,0.10262,486.3478
6.52692,0.10807,486.7230
6.52692,0.11381,487.1294
6.52692,0.11985,487.5700
6.52692,0.12622,488.0482
6.52692,0.13292,488.5679
6.52692,0.13998,489.1334
6.52692,0.14741,489.7494
6.52692,0.15524,490.4215
6.52692,0.16349,491.1558
6.52692,0.17217,491.9591
6.52692,0.18131,492.8392
6.52692,0.19094,493.8050
6.52692,0.20108,494.8664
6.52692,0.21176,496.0349
6.52692,0.22301,497.3235
6.52692,0.23485,498.7471
6.52692,0.24732,500.3226
6.52692,0.26045,502.0697
6.52692,0.27429,504.0110
6.52692,0.28885,506.1725
6.52692,0.30419,508.5846
6.52692,0.32035,511.2825
6.52692,0.33736,514.3072
6.52692,0.35527,517.7072
6.52692,0.37414,521.5390
6.52692,0.39401,525.8698
6.52692,0.41493,530.7792
6.52692,0.43697,536.3622
6.52692,0.46017,542.7326
6.52692,0.48461,550.0277
6.52692,0.51035,558.4140
6.52692,0.53745,568.0944
6.52692,0.56599,579.3186
6.52692,0.59605,592.3954
6.52692,0.62770,607.7098
6.52692,0.66104,625.7465
6.52692,0.69614,647.1207
6.52692,0.73311,672.6210
6.52692,0.77204,703.2689
6.52692,0.81304,740.4004
6.52692,0.85622,785.7778
6.52692,0.90169,841.7237
6.52692,0.94957,911.1634
6.52692,1.00000,992.6371
6.64210,0.01000,481.0965
6.64210,0.01053,481.1011
6.64210,0.01109,481.1061
6.64210,0.01168,481.1113
6.64210,0.01230,481.1170
6.64210,0.01295,481.1230
6.64210,0.01364,481.1294
6.64210,0.01436,481.1363
6.64210,0.01513,481.1437
6.64210,0.01593,481.1516
6.64210,0.01678,481.1601
6.64210,0.01767,481.1692
6.64210,0.01861,481.1790
6.64210,0.01959,481.1896
6.64210,0.02064,481.2009
6.64210,0.02173,481.2131
6.64210,0.02288,481.2262
6.64210,0.02410,481.2404
6.64210,0.02538,481.2557
6.64210,0.02673,481.2722
6.64210,0.02815,481.2901
6.64210,0.02964,481.3094
6.64210,0.03122,481.3302
6.64210,0.03287,481.3529
6.64210,0.03462,481.3774
6.64210,0.03646,481.4040
6.64210,0.03839,481.4329
6.64210,0.04043,481.4643
6.64210,0.04258,481.4984
6.64210,0.04484,481.5356
6.64210,0.04722,481.5760
6.64210,0.04973,481.6202
6.64210,0.05237,481.6684
6.64210,0.05515,481.7210
6.64210,0.05808,481.7785
6.64210,0.06117,481.8414
6.64210,0.06442,481.9103
6.64210,0.06784,481.9858
6.64210,0.07144,482.0686
6.64210,0.07523,482.1596
6.64210,0.07923,482.2595
6.64210,0.08344,482.3694
6.64210,0.08787,482.4904
6.64210,0.09253,482.6237
6.64210,0.09745,482.7706
6.64210,0.10262,482.9329
6.64210,0.10807,483.1122
6.64210,0.11381,483.3104
6.64210,0.11985,483.5299
6.64210,0.12622,483.7731
6.64210,0.13292,484.0428
6.64210,0.13998,484.3423
6.64210,0.14741,484.6752
6.64210,0.15524,485.0456
6.64210,0.16349,485.4582
6.64210,0.17217,485.9183
6.64210,0.18131,486.4319
6.64210,0.19094,487.0061
6.64210,0.20108,487.6488
6.64210,0.21176,488.3689
6.64210,0.22301,489.1770
6.64210,0.23485,490.0852
6.64210,0.24732,491.1072
6.64210,0.26045,492.2591
6.64210,0.27429,493.5596
6.64210,0.28885,495.0302
6.64210,0.30419,496.6962
6.64210,0.32035,498.5872
6.64210,0.33736,500.7379
6.64210,0.35527,503.1890
6.64210,0.37414,505.9888
6.64210,0.39401,509.1948
6.64210,0.41493,512.8753
6.64210,0.43697,517.1121
6.64210,0.46017,522.0039
6.64210,0.48461,527.6699
6.64210,0.51035,534.2552
6.64210,0.53745,541.9376
6.64210,0.56599,550.9361
6.64210,0.59605,561.5227
6.64210,0.62770,574.0374
6.64210,0.66104,588.9093
6.64210,0.69614,606.6842
6.64210,0.73311,628.0632
6.64210,0.77204,653.9559
6.64210,0.81304,685.5527
6.64210,0.85622,724.4236
6.64210,0.90169,772.6317
6.64210,0.94957,832.7433
6.64210,1.00000,902.7653
6.75932,0.01000,480.7458
6.75932,0.01053,480.7316
6.75932,0.01109,480.7168
6.75932,0.01168,480.7011
6.75932,0.01230,480.6848
6.75932,0.01295,480.6676
6.75932,0.01364,480.6496
6.75932,0.01436,480.6307
6.75932,0.01513,480.6109
6.75932,0.01593,480.5901
6.75932,0.01678,480.5684
6.75932,0.01767,480.5456
6.75932,0.01861,480.5218
6.75932,0.01959,480.4968
6.75932,0.02064,480.4707
6.75932,0.02173,480.4434
6.75932,0.02288,480.4149
6.75932,0.02410,480.3851
6.75932,0.02538,480.3540
6.75932,0.02673,480.3216
6.75932,0.02815,480.2877
6.75932,0.02964,480.2525
6.75932,0.03122,480.2158
6.75932,0.03287,480.1775
6.75932,0.03462,480.1378
6.75932,0.03646,480.0966
6.75932,0.03839,480.0538
6.75932,0.04043,480.0094
6.75932,0.04258,479.9635
6.75932,0.04484,479.9160
6.75932,0.04722,479.8670
6.75932,0.04973,479.8166
6.75932,0.05237,479.7647
6.75932,0.05515,479.7114
6.75932,0.05808,479.6569
6.75932,0.06117,479.6012
6.75932,0.06442,479.5446
6.75932,0.06784,479.4871
6.75932,0.07144,479.4290
6.75932,0.07523,479.3706
6.75932,0.07923,479.3122
6.75932,0.08344,479.2542
6.75932,0.08787,479.1971
6.75932,0.09253,479.1413
6.75932,0.09745,479.0875
6.75932,0.10262,479.0365
6.75932,0.10807,478.9890
6.75932,0.11381,478.9462
6.75932,0.11985,478.9091
6.75932,0.12622,478.8792
6.75932,0.13292,478.8580
6.75932,0.13998,478.8474
6.75932,0.14741,478.8494
6.75932,0.15524,478.8667
6.75932,0.16349,478.9019
6.75932,0.17217,478.9586
6.75932,0.18131,479.0405
6.75932,0.19094,479.1522
6.75932,0.20108,479.2990
6.75932,0.21176,479.4869
6.75932,0.22301,479.7231
6.75932,0.23485,480.0159
6.75932,0.24732,480.3750
6.75932,0.26045,480.8118
6.75932,0.27429,481.3398
6.75932,0.28885,481.9746
6.75932,0.30419,482.7348
6.75932,0.32035,483.6423
6.75932,0.33736,484.7230
6.75932,0.35527,486.0079
6.75932,0.37414,487.5337
6.75932,0.39401,489.3444
6.75932,0.41493,491.4930
6.75932,0.43697,494.0434
6.75932,0.46017,497.0728
6.75932,0.48461,500.6756
6.75932,0.51035,504.9671
6.75932,0.53745,510.0895
6.75932,0.56599,516.2188
6.75932,0.59605,523.5750
6.75932,0.62770,532.4342
6.75932,0.66104,543.1466
6.75932,0.69614,556.1595
6.75932,0.73311,572.0499
6.75932,0.77204,591.5686
6.75932,0.81304,615.7014
6.75932,0.85622,645.7505
6.75932,0.90169,683.4255
6.75932,0.94957,730.8297
6.75932,1.00000,785.6590
6.87861,0.01000,480.7337
6.87861,0.01053,480.7188
6.87861,0.01109,480.7032
6.87861,0.01168,480.6868
6.87861,0.01230,480.6695
6.87861,0.01295,480.6514
6.87861,0.01364,480.6325
6.87861,0.01436,480.6126
6.87861,0.01513,480.5917
6.87861,0.01593,480.5698
6.87861,0.01678,480.5468
6.87861,0.01767,480.5227
6.87861,0.01861,480.4975
6.87861,0.01959,480.4710
6.87861,0.02064,480.4433
6.87861,0.02173,480.4143
6.87861,0.02288,480.3840
6.87861,0.02410,480.3522
6.87861,0.02538,480.3190
6.87861,0.02673,480.2843
6.87861,0.02815,480.2481
6.87861,0.02964,480.2102
6.87861,0.03122,480.1707
6.87861,0.03287,480.1295
6.87861,0.03462,480.0866
6.87861,0.03646,480.0419
6.87861,0.03839,479.9953
6.87861,0.04043,479.9470
6.87861,0.04258,479.8967
6.87861,0.04484,479.8446
6.87861,0.04722,479.7905
6.87861,0.04973,479.7346
6.87861,0.05237,479.6767
6.87861,0.05515,479.6170
6.87861,0.05808,479.5555
6.87861,0.06117,479.4923
6.87861,0.06442,479.4274
6.87861,0.06784,479.3609
6.87861,0.07144,479.2931
6.87861,0.07523,479.2241
6.87861,0.07923,479.1541
6.87861,0.08344,479.0834
6.87861,0.08787,479.0124
6.87861,0.09253,478.9414
6.87861,0.09745,478.8710
6.87861,0.10262,478.8018
6.87861,0.10807,478.7343
6.87861,0.11381,478.6695
6.87861,0.11985,478.6082
6.87861,0.12622,478.5516
6.87861,0.13292,478.5009
6.87861,0.13998,478.4578
6.87861,0.14741,478.4238
6.87861,0.15524,478.4012
6.87861,0.16349,478.3923
6.87861,0.17217,478.4000
6.87861,0.18131,478.4274
6.87861,0.19094,478.4784
6.87861,0.20108,478.5574
6.87861,0.21176,478.6698
6.87861,0.22301,478.8214
6.87861,0.23485,479.0195
6.87861,0.24732,479.2723
6.87861,0.26045,479.5896
6.87861,0.27429,479.9829
6.87861,0.28885,480.4658
6.87861,0.30419,481.0541
6.87861,0.32035,481.7668
6.87861,0.33736,482.6262
6.87861,0.35527,483.6590
6.87861,0.37414,484.8971
6.87861,0.39401,486.3783
6.87861,0.41493,488.1487
6.87861,0.43697,490.2632
6.87861,0.46017,492.7890
6.87861,0.48461,495.8075
6.87861,0.51035,499.4186
6.87861,0.53745,503.7452
6.87861,0.56599,508.9397
6.87861,0.59605,515.1918
6.87861,0.62770,522.7400
6.87861,0.66104,531.8863
6.87861,0.69614,543.0157
6.87861,0.73311,556.6240
6.87861,0.77204,573.3549
6.87861,0.81304,594.0506
6.87861,0.85622,619.8188
6.87861,0.90169,652.1027
6.87861,0.94957,692.6451
6.87861,1.00000,738.9527
7.00000,0.01000,480.9947
7.00000,0.01053,480.9937
7.00000,0.01109,480.9927
7.00000,0.01168,480.9917
7.00000,0.01230,480.9907
7.00000,0.01295,480.9898
7.00000,0.01364,480.9888
7.00000,0.01436,480.9878
7.00000,0.01513,480.9869
7.00000,0.01593,480.9860
7.00000,0.01678,480.9852
7.00000,0.01767,480.9845
7.00000,0.01861,480.9839
7.00000,0.01959,480.9833
7.00000,0.02064,480.9829
7.00000,0.02173,480.9827
7.00000,0.02288,480.9826
7.00000,0.02410,480.9828
7.00000,0.02538,480.9832
7.00000,0.02673,480.9839
7.00000,0.02815,480.9850
7.00000,0.02964,480.9865
7.00000,0.03122,480.9884
7.00000,0.03287,480.9908
7.00000,0.03462,480.9938
7.00000,0.03646,480.9976
7.00000,0.03839,481.0021
7.00000,0.04043,481.0075
7.00000,0.04258,481.0139
7.00000,0.04484,481.0215
7.00000,0.04722,481.0304
7.00000,0.04973,481.0408
7.00000,0.05237,481.0528
7.00000,0.05515,481.0668
7.00000,0.05808,481.0830
7.00000,0.06117,481.1015
7.00000,0.06442,481.1229
7.00000,0.06784,481.1474
7.00000,0.07144,481.1754
7.00000,0.07523,481.2074
7.00000,0.07923,481.2439
7.00000,0.08344,481.2855
7.00000,0.08787,481.3329
7.00000,0.09253,481.3867
7.00000,0.09745,481.4479
7.00000,0.10262,481.5174
7.00000,0.10807,481.5962
7.00000,0.11381,481.6856
7.00000,0.11985,481.7870
7.00000,0.12622,481.9019
7.00000,0.13292,482.0322
7.00000,0.13998,482.1798
7.00000,0.14741,482.3471
7.00000,0.15524,482.5367
7.00000,0.16349,482.7516
7.00000,0.17217,482.9953
7.00000,0.18131,483.2716
7.00000,0.19094,483.5852
7.00000,0.20108,483.9410
7.00000,0.21176,484.3453
7.00000,0.22301,484.8047
7.00000,0.23485,485.3272
7.00000,0.24732,485.9219
7.00000,0.26045,486.5996
7.00000,0.27429,487.3726
7.00000,0.28885,488.2552
7.00000,0.30419,489.2643
7.00000,0.32035,490.4197
7.00000,0.33736,491.7445
7.00000,0.35527,493.2662
7.00000,0.37414,495.0171
7.00000,0.39401,497.0359
7.00000,0.41493,499.3684
7.00000,0.43697,502.0700
7.00000,0.46017,505.2069
7.00000,0.48461,508.8597
7.00000,0.51035,513.1262
7.00000,0.53745,518.1263
7.00000,0.56599,524.0077
7.00000,0.59605,530.9537
7.00000,0.62770,539.1933
7.00000,0.66104,549.0150
7.00000,0.69614,560.7852
7.00000,0.73311,574.9736
7.00000,0.77204,592.1869
7.00000,0.81304,613.2158
7.00000,0.85622,639.0944
7.00000,0.90169,671.1622
7.00000,0.94957,711.0152
7.00000,1.00000,756.0463
