0.01000,0.00100,118.0536
0.01000,0.00119,118.2348
0.01000,0.00143,118.4580
0.01000,0.00170,118.7344
0.01000,0.00203,119.0784
0.01000,0.00242,119.5094
0.01000,0.00289,120.0527
0.01000,0.00346,120.7424
0.01000,0.00412,121.6246
0.01000,0.00492,122.7617
0.01000,0.00588,124.2393
0.01000,0.00702,126.1750
0.01000,0.00838,128.7318
0.01000,0.01000,132.1363
0.01000,0.01194,136.7060
0.01000,0.01425,142.8870
0.01000,0.01701,151.3095
0.01000,0.02031,162.8682
0.01000,0.02424,178.8381
0.01000,0.02894,201.0460
0.01000,0.03455,232.1213
0.01000,0.04125,275.8692
0.01000,0.04924,337.8291
0.01000,0.05878,426.1182
0.01000,0.07017,552.7224
0.01000,0.08377,735.4969
0.01000,0.10000,1001.3191
0.01000,0.11938,1391.1523
0.01000,0.14251,1968.3648
0.01000,0.17013,2832.7725
0.01000,0.20309,4145.1176
0.01000,0.24245,6171.4397
0.01000,0.28943,9367.4204
0.01000,0.34551,14548.4546
0.01000,0.41246,23259.1975
0.01000,0.49239,38659.0104
0.01000,0.58780,67947.5166
0.01000,0.70170,130460.8937
0.01000,0.83768,295488.5827
0.01000,1.00000,1115246.0868
0.01072,0.00100,118.1716
0.01072,0.00119,118.3767
0.01072,0.00143,118.6291
0.01072,0.00170,118.9410
0.01072,0.00203,119.3284
0.01072,0.00242,119.8126
0.01072,0.00289,120.4216
0.01072,0.00346,121.1925
0.01072,0.00412,122.1759
0.01072,0.00492,123.4398
0.01072,0.00588,125.0772
0.01072,0.00702,127.2160
0.01072,0.00838,130.0325
0.01072,0.01000,133.7721
0.01072,0.01194,138.7775
0.01072,0.01425,145.5300
0.01072,0.01701,154.7084
0.01072,0.02031,167.2752
0.01072,0.02424,184.6014
0.01072,0.02894,208.6486
0.01072,0.03455,242.2385
0.01072,0.04125,289.4514
0.01072,0.04924,356.2225
0.01072,0.05878,451.2431
0.01072,0.07017,587.3367
0.01072,0.08377,783.5921
0.01072,0.10000,1068.7199
0.01072,0.11938,1486.4386
0.01072,0.14251,2104.3114
0.01072,0.17013,3028.6428
0.01072,0.20309,4430.4046
0.01072,0.24245,6592.1488
0.01072,0.28943,9997.0052
0.01072,0.34551,15507.7376
0.01072,0.41246,24754.8369
0.01072,0.49239,41063.7589
0.01072,0.58780,71986.6907
0.01072,0.70170,137721.2233
0.01072,0.83768,310254.0208
0.01072,1.00000,1161987.5090
0.01149,0.00100,118.2357
0.01149,0.00119,118.4543
0.01149,0.00143,118.7231
0.01149,0.00170,119.0553
0.01149,0.00203,119.4678
0.01149,0.00242,119.9831
0.01149,0.00289,120.6310
0.01149,0.00346,121.4509
0.01149,0.00412,122.4963
0.01149,0.00492,123.8393
0.01149,0.00588,125.5785
0.01149,0.00702,127.8491
0.01149,0.00838,130.8380
0.01149,0.01000,134.8046
0.01149,0.01194,140.1116
0.01149,0.01425,147.2676
0.01149,0.01701,156.9905
0.01149,0.02031,170.2973
0.01149,0.02424,188.6362
0.01149,0.02894,214.0788
0.01149,0.03455,249.6036
0.01149,0.04125,299.5160
0.01149,0.04924,370.0755
0.01149,0.05878,470.4429
0.01149,0.07017,614.1263
0.01149,0.08377,821.2182
0.01149,0.10000,1121.9127
0.01149,0.11938,1562.1401
0.01149,0.14251,2212.7976
0.01149,0.17013,3185.2784
0.01149,0.20309,4658.4441
0.01149,0.24245,6927.3119
0.01149,0.28943,10495.1762
0.01149,0.34551,16258.3949
0.01149,0.41246,25905.5570
0.01149,0.49239,42867.5332
0.01149,0.58780,74899.9741
0.01149,0.70170,142624.0473
0.01149,0.83768,318948.5947
0.01149,1.00000,1176681.1968
0.01231,0.00100,118.1358
0.01231,0.00119,118.3360
0.01231,0.00143,118.5834
0.01231,0.00170,118.8906
0.01231,0.00203,119.2743
0.01231,0.00242,119.7565
0.01231,0.00289,120.3666
0.01231,0.00346,121.1442
0.01231,0.00412,122.1427
0.01231,0.00492,123.4353
0.01231,0.00588,125.1218
0.01231,0.00702,127.3406
0.01231,0.00838,130.2833
0.01231,0.01000,134.2173
0.01231,0.01194,139.5173
0.01231,0.01425,146.7110
0.01231,0.01701,156.5446
0.01231,0.02031,170.0780
0.01231,0.02424,188.8229
0.01231,0.02894,214.9451
0.01231,0.03455,251.5620
0.01231,0.04125,303.1835
0.01231,0.04924,376.3699
0.01231,0.05878,480.7249
0.01231,0.07017,630.4091
0.01231,0.08377,846.4794
0.01231,0.10000,1160.5601
0.01231,0.11938,1620.7136
0.01231,0.14251,2301.0355
0.01231,0.17013,3317.7551
0.01231,0.20309,4857.1155
0.01231,0.24245,7225.5272
0.01231,0.28943,10944.0901
0.01231,0.34551,16937.3442
0.01231,0.41246,26938.9144
0.01231,0.49239,44451.2908
0.01231,0.58780,77336.8812
0.01231,0.70170,146316.7540
0.01231,0.83768,323790.5454
0.01231,1.00000,1168900.5449
0.01319,0.00100,117.8286
0.01319,0.00119,117.9703
0.01319,0.00143,118.1483
0.01319,0.00170,118.3732
0.01319,0.00203,118.6595
0.01319,0.00242,119.0267
0.01319,0.00289,119.5012
0.01319,0.00346,120.1195
0.01319,0.00412,120.9315
0.01319,0.00492,122.0064
0.01319,0.00588,123.4405
0.01319,0.00702,125.3682
0.01319,0.00838,127.9783
0.01319,0.01000,131.5364
0.01319,0.01194,136.4180
0.01319,0.01425,143.1556
0.01319,0.01701,152.5066
0.01319,0.02031,165.5527
0.01319,0.02424,183.8428
0.01319,0.02894,209.6044
0.01319,0.03455,246.0527
0.01319,0.04125,297.8491
0.01319,0.04924,371.7864
0.01319,0.05878,477.8198
0.01319,0.07017,630.6389
0.01319,0.08377,852.0915
0.01319,0.10000,1174.9819
0.01319,0.11938,1649.1298
0.01319,0.14251,2351.2460
0.01319,0.17013,3401.4507
0.01319,0.20309,4991.7691
0.01319,0.24245,7437.1711
0.01319,0.28943,11271.2846
0.01319,0.34551,17436.4434
0.01319,0.41246,27689.4646
0.01319,0.49239,45554.5869
0.01319,0.58780,78873.8350
0.01319,0.70170,148086.9887
0.01319,0.83768,323577.7031
0.01319,1.00000,1138403.0701
0.01414,0.00100,117.5020
0.01414,0.00119,117.5817
0.01414,0.00143,117.6862
0.01414,0.00170,117.8241
0.01414,0.00203,118.0078
0.01414,0.00242,118.2539
0.01414,0.00289,118.5863
0.01414,0.00346,119.0381
0.01414,0.00412,119.6558
0.01414,0.00492,120.5054
0.01414,0.00588,121.6798
0.01414,0.00702,123.3108
0.01414,0.00838,125.5857
0.01414,0.01000,128.7707
0.01414,0.01194,133.2457
0.01414,0.01425,139.5532
0.01414,0.01701,148.4699
0.01414,0.02031,161.1105
0.01414,0.02424,179.0786
0.01414,0.02894,204.6877
0.01414,0.03455,241.2867
0.01414,0.04125,293.7405
0.01414,0.04924,369.1492
0.01414,0.05878,477.9274
0.01414,0.07017,635.4481
0.01414,0.08377,864.5714
0.01414,0.10000,1199.5973
0.01414,0.11938,1692.5498
0.01414,0.14251,2423.3824
0.01414,0.17013,3516.9710
0.01414,0.20309,5172.2787
0.01414,0.24245,7714.2805
0.01414,0.28943,11690.6660
0.01414,0.34551,18062.3249
0.01414,0.41246,28606.3307
0.01414,0.49239,46852.2664
0.01414,0.58780,80556.9917
0.01414,0.70170,149620.1425
0.01414,0.83768,321125.3531
0.01414,1.00000,1086780.0099
0.01515,0.00100,117.3109
0.01515,0.00119,117.3553
0.01515,0.00143,117.4182
0.01515,0.00170,117.5077
0.01515,0.00203,117.6348
0.01515,0.00242,117.8155
0.01515,0.00289,118.0728
0.01515,0.00346,118.4390
0.01515,0.00412,118.9605
0.01515,0.00492,119.7038
0.01515,0.00588,120.7633
0.01515,0.00702,122.2745
0.01515,0.00838,124.4311
0.01515,0.01000,127.5100
0.01515,0.01194,131.9087
0.01515,0.01425,138.1971
0.01515,0.01701,147.1938
0.01515,0.02031,160.0772
0.01515,0.02424,178.5460
0.01515,0.02894,205.0551
0.01515,0.03455,243.1623
0.01515,0.04125,298.0399
0.01515,0.04924,377.2391
0.01515,0.05878,491.8354
0.01515,0.07017,658.1690
0.01515,0.08377,900.5160
0.01515,0.10000,1255.2495
0.01515,0.11938,1777.4316
0.01515,0.14251,2551.4714
0.01515,0.17013,3708.7787
0.01515,0.20309,5457.8797
0.01515,0.24245,8137.6498
0.01515,0.28943,12315.6198
0.01515,0.34551,18979.6980
0.01515,0.41246,29938.9951
0.01515,0.49239,48741.9854
0.01515,0.58780,83061.4858
0.01515,0.70170,152158.0004
0.01515,0.83768,318961.7651
0.01515,1.00000,1018506.3504
0.01624,0.00100,117.0883
0.01624,0.00119,117.0914
0.01624,0.00143,117.1057
0.01624,0.00170,117.1382
0.01624,0.00203,117.1989
0.01624,0.00242,117.3025
0.01624,0.00289,117.4708
0.01624,0.00346,117.7353
0.01624,0.00412,118.1418
0.01624,0.00492,118.7567
0.01624,0.00588,119.6760
0.01624,0.00702,121.0383
0.01624,0.00838,123.0434
0.01624,0.01000,125.9793
0.01624,0.01194,130.2610
0.01624,0.01425,136.4866
0.01624,0.01701,145.5184
0.01624,0.02031,158.6013
0.01624,0.02424,177.5340
0.01624,0.02894,204.9204
0.01624,0.03455,244.5395
0.01624,0.04125,301.8899
0.01624,0.04924,385.0025
0.01624,0.05878,505.6577
0.01624,0.07017,681.2290
0.01624,0.08377,937.5083
0.01624,0.10000,1313.0927
0.01624,0.11938,1866.3109
0.01624,0.14251,2686.3743
0.01624,0.17013,3911.7566
0.01624,0.20309,5761.3610
0.01624,0.24245,8589.2199
0.01624,0.28943,12984.6466
0.01624,0.34551,19965.5366
0.01624,0.41246,31377.3653
0.01624,0.49239,50792.6992
0.01624,0.58780,85800.3098
0.01624,0.70170,154973.5188
0.01624,0.83768,316627.3029
0.01624,1.00000,939251.3021
0.01740,0.00100,116.8339
0.01740,0.00119,116.7890
0.01740,0.00143,116.7468
0.01740,0.00170,116.7126
0.01740,0.00203,116.6949
0.01740,0.00242,116.7068
0.01740,0.00289,116.7680
0.01740,0.00346,116.9081
0.01740,0.00412,117.1713
0.01740,0.00492,117.6223
0.01740,0.00588,118.3564
0.01740,0.00702,119.5121
0.01740,0.00838,121.2917
0.01740,0.01000,123.9882
0.01740,0.01194,128.0270
0.01740,0.01425,134.0238
0.01740,0.01701,142.8698
0.01740,0.02031,155.8556
0.01740,0.02424,174.8512
0.01740,0.02894,202.5686
0.01740,0.03455,242.9493
0.01740,0.04125,301.7348
0.01740,0.04924,387.3157
0.01740,0.05878,512.0028
0.01740,0.07017,693.9496
0.01740,0.08377,960.0911
0.01740,0.10000,1350.6969
0.01740,0.11938,1926.5368
0.01740,0.14251,2780.3752
0.01740,0.17013,4055.8318
0.01740,0.20309,5979.1904
0.01740,0.24245,8914.8591
0.01740,0.28943,13466.0999
0.01740,0.34551,20667.5170
0.01740,0.41246,32377.4295
0.01740,0.49239,52148.2563
0.01740,0.58780,87394.0465
0.01740,0.70170,155787.9636
0.01740,0.83768,310379.2498
0.01740,1.00000,847982.6575
0.01865,0.00100,116.8603
0.01865,0.00119,116.8212
0.01865,0.00143,116.7863
0.01865,0.00170,116.7612
0.01865,0.00203,116.7551
0.01865,0.00242,116.7815
0.01865,0.00289,116.8614
0.01865,0.00346,117.0257
0.01865,0.00412,117.3203
0.01865,0.00492,117.8125
0.01865,0.00588,118.6008
0.01865,0.00702,119.8289
0.01865,0.00838,121.7052
0.01865,0.01000,124.5325
0.01865,0.01194,128.7487
0.01865,0.01425,134.9877
0.01865,0.01701,144.1664
0.01865,0.02031,157.6112
0.01865,0.02424,177.2425
0.01865,0.02894,205.8436
0.01865,0.03455,247.4564
0.01865,0.04125,307.9641
0.01865,0.04924,395.9565
0.01865,0.05878,524.0245
0.01865,0.07017,710.7137
0.01865,0.08377,983.5053
0.01865,0.10000,1383.4218
0.01865,0.11938,1972.2563
0.01865,0.14251,2844.1281
0.01865,0.17013,4144.3653
0.01865,0.20309,6101.1941
0.01865,0.24245,9080.6615
0.01865,0.28943,13685.6604
0.01865,0.34551,20943.4529
0.01865,0.41246,32683.5545
0.01865,0.49239,52363.4891
0.01865,0.58780,87083.2774
0.01865,0.70170,153351.9378
0.01865,0.83768,298540.2310
0.01865,1.00000,749268.2415
0.01999,0.00100,117.2807
0.01999,0.00119,117.3237
0.01999,0.00143,117.3868
0.01999,0.00170,117.4792
0.01999,0.00203,117.6136
0.01999,0.00242,117.8086
0.01999,0.00289,118.0905
0.01999,0.00346,118.4973
0.01999,0.00412,119.0832
0.01999,0.00492,119.9258
0.01999,0.00588,121.1361
0.01999,0.00702,122.8732
0.01999,0.00838,125.3648
0.01999,0.01000,128.9372
0.01999,0.01194,134.0582
0.01999,0.01425,141.3989
0.01999,0.01701,151.9236
0.01999,0.02031,167.0187
0.01999,0.02424,188.6818
0.01999,0.02894,219.7958
0.01999,0.03455,264.5319
0.01999,0.04125,328.9420
0.01999,0.04924,421.8370
0.01999,0.05878,556.0987
0.01999,0.07017,750.6549
0.01999,0.08377,1033.4877
0.01999,0.10000,1446.2702
0.01999,0.11938,2051.6238
0.01999,0.14251,2944.6816
0.01999,0.17013,4271.9139
0.01999,0.20309,6262.5790
0.01999,0.24245,9282.9405
0.01999,0.28943,13933.3795
0.01999,0.34551,21230.7963
0.01999,0.41246,32972.3632
0.01999,0.49239,52519.5621
0.01999,0.58780,86674.8344
0.01999,0.70170,150901.0643
0.01999,0.83768,287749.5826
0.01999,1.00000,670489.6834
0.02142,0.00100,117.9260
0.02142,0.00119,118.0949
0.02142,0.00143,118.3088
0.02142,0.00170,118.5817
0.02142,0.00203,118.9324
0.02142,0.00242,119.3866
0.02142,0.00289,119.9797
0.02142,0.00346,120.7602
0.02142,0.00412,121.7955
0.02142,0.00492,123.1791
0.02142,0.00588,125.0419
0.02142,0.00702,127.5674
0.02142,0.00838,131.0135
0.02142,0.01000,135.7445
0.02142,0.01194,142.2760
0.02142,0.01425,151.3397
0.02142,0.01701,163.9769
0.02142,0.02031,181.6737
0.02142,0.02424,206.5566
0.02142,0.02894,241.6776
0.02142,0.03455,291.4308
0.02142,0.04125,362.1648
0.02142,0.04924,463.0894
0.02142,0.05878,607.6258
0.02142,0.07017,815.4378
0.02142,0.08377,1115.5189
0.02142,0.10000,1550.9404
0.02142,0.11938,2186.2672
0.02142,0.14251,3119.3426
0.02142,0.17013,4500.4159
0.02142,0.20309,6563.9843
0.02142,0.24245,9683.4475
0.02142,0.28943,14468.4822
0.02142,0.34551,21946.7196
0.02142,0.41246,33922.9481
0.02142,0.49239,53744.5203
0.02142,0.58780,88104.3546
0.02142,0.70170,151936.6544
0.02142,0.83768,284997.4216
0.02142,1.00000,633853.7997
0.02296,0.00100,118.3134
0.02296,0.00119,118.5582
0.02296,0.00143,118.8631
0.02296,0.00170,119.2452
0.02296,0.00203,119.7269
0.02296,0.00242,120.3387
0.02296,0.00289,121.1213
0.02296,0.00346,122.1303
0.02296,0.00412,123.4413
0.02296,0.00492,125.1586
0.02296,0.00588,127.4260
0.02296,0.00702,130.4433
0.02296,0.00838,134.4895
0.02296,0.01000,139.9552
0.02296,0.01194,147.3898
0.02296,0.01425,157.5689
0.02296,0.01701,171.5912
0.02296,0.02031,191.0181
0.02296,0.02424,218.0762
0.02296,0.02894,255.9515
0.02296,0.03455,309.2191
0.02296,0.04125,384.4747
0.02296,0.04924,491.2670
0.02296,0.05878,643.4873
0.02296,0.07017,861.4562
0.02296,0.08377,1175.0919
0.02296,0.10000,1628.7781
0.02296,0.11938,2288.9572
0.02296,0.14251,3256.1773
0.02296,0.17013,4684.6130
0.02296,0.20309,6814.4912
0.02296,0.24245,10027.6007
0.02296,0.28943,14945.8703
0.02296,0.34551,22614.5200
0.02296,0.41246,34862.2062
0.02296,0.49239,55062.7977
0.02296,0.58780,89911.3400
0.02296,0.70170,154172.6168
0.02296,0.83768,286360.5348
0.02296,1.00000,621701.7041
0.02461,0.00100,118.3974
0.02461,0.00119,118.6587
0.02461,0.00143,118.9833
0.02461,0.00170,119.3889
0.02461,0.00203,119.8988
0.02461,0.00242,120.5445
0.02461,0.00289,121.3678
0.02461,0.00346,122.4257
0.02461,0.00412,123.7956
0.02461,0.00492,125.5838
0.02461,0.00588,127.9369
0.02461,0.00702,131.0580
0.02461,0.00838,135.2299
0.02461,0.01000,140.8485
0.02461,0.01194,148.4697
0.02461,0.01425,158.8772
0.02461,0.01701,173.1801
0.02461,0.02031,192.9533
0.02461,0.02424,220.4407
0.02461,0.02894,258.8511
0.02461,0.03455,312.7892
0.02461,0.04125,388.8891
0.02461,0.04924,496.7507
0.02461,0.05878,650.3319
0.02461,0.07017,870.0402
0.02461,0.08377,1185.9057
0.02461,0.10000,1642.4527
0.02461,0.11938,2306.2916
0.02461,0.14251,3278.1523
0.02461,0.17013,4712.3575
0.02461,0.20309,6849.1180
0.02461,0.24245,10069.7145
0.02461,0.28943,14994.2477
0.02461,0.34551,22662.6829
0.02461,0.41246,34889.3682
0.02461,0.49239,55008.7019
0.02461,0.58780,89599.8508
0.02461,0.70170,153044.5948
0.02461,0.83768,282294.2134
0.02461,1.00000,602726.3122
0.02637,0.00100,118.2654
0.02637,0.00119,118.5008
0.02637,0.00143,118.7944
0.02637,0.00170,119.1628
0.02637,0.00203,119.6282
0.02637,0.00242,120.2204
0.02637,0.00289,120.9793
0.02637,0.00346,121.9597
0.02637,0.00412,123.2362
0.02637,0.00492,124.9115
0.02637,0.00588,127.1278
0.02637,0.00702,130.0829
0.02637,0.00838,134.0528
0.02637,0.01000,139.4245
0.02637,0.01194,146.7428
0.02637,0.01425,156.7771
0.02637,0.01701,170.6177
0.02637,0.02031,189.8149
0.02637,0.02424,216.5800
0.02637,0.02894,254.0774
0.02637,0.03455,306.8524
0.02637,0.04125,381.4570
0.02637,0.04924,487.3772
0.02637,0.05878,638.4106
0.02637,0.07017,854.7366
0.02637,0.08377,1166.0551
0.02637,0.10000,1616.4065
0.02637,0.11938,2271.6786
0.02637,0.14251,3231.5017
0.02637,0.17013,4648.4861
0.02637,0.20309,6760.1034
0.02637,0.24245,9943.1069
0.02637,0.28943,14809.8090
0.02637,0.34551,22386.0830
0.02637,0.41246,34459.0893
0.02637,0.49239,54306.1637
0.02637,0.58780,88372.2952
0.02637,0.70170,150668.5797
0.02637,0.83768,276832.3228
0.02637,1.00000,584842.7652
0.02826,0.00100,117.6762
0.02826,0.00119,117.7971
0.02826,0.00143,117.9538
0.02826,0.00170,118.1587
0.02826,0.00203,118.4285
0.02826,0.00242,118.7867
0.02826,0.00289,119.2658
0.02826,0.00346,119.9111
0.02826,0.00412,120.7864
0.02826,0.00492,121.9810
0.02826,0.00588,123.6209
0.02826,0.00702,125.8842
0.02826,0.00838,129.0229
0.02826,0.01000,133.3949
0.02826,0.01194,139.5090
0.02826,0.01425,148.0905
0.02826,0.01701,160.1748
0.02826,0.02031,177.2438
0.02826,0.02424,201.4231
0.02826,0.02894,235.7687
0.02826,0.03455,284.6877
0.02826,0.04125,354.5543
0.02826,0.04924,454.6234
0.02826,0.05878,598.3894
0.02826,0.07017,805.6285
0.02826,0.08377,1105.4983
0.02826,0.10000,1541.2996
0.02826,0.11938,2177.8956
0.02826,0.14251,3113.4750
0.02826,0.17013,4498.5796
0.02826,0.20309,6567.6491
0.02826,0.24245,9692.8741
0.02826,0.28943,14479.4738
0.02826,0.34551,21941.8183
0.02826,0.41246,33847.3166
0.02826,0.49239,53436.5579
0.02826,0.58780,87077.7134
0.02826,0.70170,148590.6917
0.02826,0.83768,272987.9153
0.02826,1.00000,574960.0158
0.03029,0.00100,117.3815
0.03029,0.00119,117.4445
0.03029,0.00143,117.5319
0.03029,0.00170,117.6535
0.03029,0.00203,117.8233
0.03029,0.00242,118.0612
0.03029,0.00289,118.3953
0.03029,0.00346,118.8658
0.03029,0.00412,119.5297
0.03029,0.00492,120.4681
0.03029,0.00588,121.7969
0.03029,0.00702,123.6810
0.03029,0.00838,126.3561
0.03029,0.01000,130.1590
0.03029,0.01194,135.5714
0.03029,0.01425,143.2829
0.03029,0.01701,154.2827
0.03029,0.02031,169.9912
0.03029,0.02424,192.4516
0.03029,0.02894,224.6093
0.03029,0.03455,270.7203
0.03029,0.04125,336.9523
0.03029,0.04924,432.2737
0.03029,0.05878,569.7789
0.03029,0.07017,768.6810
0.03029,0.08377,1057.3368
0.03029,0.10000,1477.8974
0.03029,0.11938,2093.5600
0.03029,0.14251,3000.0690
0.03029,0.17013,4344.3379
0.03029,0.20309,6355.3394
0.03029,0.24245,9396.8852
0.03029,0.28943,14061.0836
0.03029,0.34551,21341.2567
0.03029,0.41246,32969.9014
0.03029,0.49239,52127.1658
0.03029,0.58780,85070.3043
0.03029,0.70170,145398.1979
0.03029,0.83768,267628.3201
0.03029,1.00000,565407.0378
0.03246,0.00100,117.5260
0.03246,0.00119,117.6159
0.03246,0.00143,117.7350
0.03246,0.00170,117.8937
0.03246,0.00203,118.1068
0.03246,0.00242,118.3951
0.03246,0.00289,118.7875
0.03246,0.00346,119.3247
0.03246,0.00412,120.0643
0.03246,0.00492,121.0876
0.03246,0.00588,122.5095
0.03246,0.00702,124.4934
0.03246,0.00838,127.2713
0.03246,0.01000,131.1735
0.03246,0.01194,136.6709
0.03246,0.01425,144.4361
0.03246,0.01701,155.4315
0.03246,0.02031,171.0364
0.03246,0.02424,193.2324
0.03246,0.02894,224.8720
0.03246,0.03455,270.0734
0.03246,0.04125,334.8000
0.03246,0.04924,427.7181
0.03246,0.05878,561.4767
0.03246,0.07017,754.6309
0.03246,0.08377,1034.5654
0.03246,0.10000,1441.9914
0.03246,0.11938,2037.9634
0.03246,0.14251,2915.0233
0.03246,0.17013,4215.2626
0.03246,0.20309,6160.3327
0.03246,0.24245,9102.8107
0.03246,0.28943,13617.3444
0.03246,0.34551,20669.7088
0.03246,0.41246,31948.2026
0.03246,0.49239,50560.8704
0.03246,0.58780,82646.3489
0.03246,0.70170,141615.1923
0.03246,0.83768,261776.6601
0.03246,1.00000,558140.2725
0.03479,0.00100,117.3307
0.03479,0.00119,117.3818
0.03479,0.00143,117.4540
0.03479,0.00170,117.5563
0.03479,0.00203,117.7013
0.03479,0.00242,117.9069
0.03479,0.00289,118.1989
0.03479,0.00346,118.6139
0.03479,0.00412,119.2041
0.03479,0.00492,120.0440
0.03479,0.00588,121.2399
0.03479,0.00702,122.9439
0.03479,0.00838,125.3731
0.03479,0.01000,128.8383
0.03479,0.01194,133.7845
0.03479,0.01425,140.8495
0.03479,0.01701,150.9485
0.03479,0.02031,165.3968
0.03479,0.02424,186.0882
0.03479,0.02894,215.7540
0.03479,0.03455,258.3442
0.03479,0.04125,319.5871
0.03479,0.04924,407.8188
0.03479,0.05878,535.2219
0.03479,0.07017,719.6888
0.03479,0.08377,987.6581
0.03479,0.10000,1378.4813
0.03479,0.11938,1951.2499
0.03479,0.14251,2795.6523
0.03479,0.17013,4049.6074
0.03479,0.20309,5928.6264
0.03479,0.24245,8776.1936
0.03479,0.28943,13153.4255
0.03479,0.34551,20005.9298
0.03479,0.41246,30992.1810
0.03479,0.49239,49177.6172
0.03479,0.58780,80647.4067
0.03479,0.70170,138783.9078
0.03479,0.83768,258153.5449
0.03479,1.00000,556984.2823
0.03729,0.00100,116.7410
0.03729,0.00119,116.6771
0.03729,0.00143,116.6117
0.03729,0.00170,116.5492
0.03729,0.00203,116.4967
0.03729,0.00242,116.4658
0.03729,0.00289,116.4740
0.03729,0.00346,116.5483
0.03729,0.00412,116.7289
0.03729,0.00492,117.0760
0.03729,0.00588,117.6780
0.03729,0.00702,118.6650
0.03729,0.00838,120.2268
0.03729,0.01000,122.6404
0.03729,0.01194,126.3078
0.03729,0.01425,131.8131
0.03729,0.01701,140.0029
0.03729,0.02031,152.1044
0.03729,0.02424,169.8976
0.03729,0.02894,195.9657
0.03729,0.03455,234.0637
0.03729,0.04125,289.6615
0.03729,0.04924,370.7501
0.03729,0.05878,489.0469
0.03729,0.07017,661.8132
0.03729,0.08377,914.6245
0.03729,0.10000,1285.6453
0.03729,0.11938,1832.3250
0.03729,0.14251,2642.0726
0.03729,0.17013,3849.6377
0.03729,0.20309,5666.1356
0.03729,0.24245,8429.0150
0.03729,0.28943,12691.3120
0.03729,0.34551,19388.4694
0.03729,0.41246,30168.2660
0.03729,0.49239,48092.2778
0.03729,0.58780,79277.2289
0.03729,0.70170,137286.6086
0.03729,0.83768,257560.1115
0.03729,1.00000,564124.1009
0.03996,0.00100,116.8437
0.03996,0.00119,116.7988
0.03996,0.00143,116.7557
0.03996,0.00170,116.7193
0.03996,0.00203,116.6973
0.03996,0.00242,116.7016
0.03996,0.00289,116.7504
0.03996,0.00346,116.8708
0.03996,0.00412,117.1035
0.03996,0.00492,117.5081
0.03996,0.00588,118.1725
0.03996,0.00702,119.2248
0.03996,0.00838,120.8516
0.03996,0.01000,123.3241
0.03996,0.01194,127.0353
0.03996,0.01425,132.5549
0.03996,0.01701,140.7072
0.03996,0.02031,152.6862
0.03996,0.02424,170.2215
0.03996,0.02894,195.8215
0.03996,0.03455,233.1306
0.03996,0.04125,287.4555
0.03996,0.04924,366.5473
0.03996,0.05878,481.7709
0.03996,0.07017,649.8700
0.03996,0.08377,895.6590
0.03996,0.10000,1256.1819
0.03996,0.11938,1787.2331
0.03996,0.14251,2573.7683
0.03996,0.17013,3746.8826
0.03996,0.20309,5512.2173
0.03996,0.24245,8198.9685
0.03996,0.28943,12347.6527
0.03996,0.34551,18874.6281
0.03996,0.41246,29398.6147
0.03996,0.49239,46937.8019
0.03996,0.58780,77549.3979
0.03996,0.70170,134746.0550
0.03996,0.83768,254155.4296
0.03996,1.00000,563260.3397
0.04283,0.00100,117.3207
0.04283,0.00119,117.3667
0.04283,0.00143,117.4315
0.04283,0.00170,117.5229
0.04283,0.00203,117.6522
0.04283,0.00242,117.8351
0.04283,0.00289,118.0944
0.04283,0.00346,118.4624
0.04283,0.00412,118.9849
0.04283,0.00492,119.7278
0.04283,0.00588,120.7846
0.04283,0.00702,122.2893
0.04283,0.00838,124.4331
0.04283,0.01000,127.4898
0.04283,0.01194,131.8513
0.04283,0.01425,138.0795
0.04283,0.01701,146.9811
0.04283,0.02031,159.7154
0.04283,0.02424,177.9523
0.04283,0.02894,204.1019
0.04283,0.03455,241.6514
0.04283,0.04125,295.6619
0.04283,0.04924,373.5057
0.04283,0.05878,485.9687
0.04283,0.07017,648.9138
0.04283,0.08377,885.8184
0.04283,0.10000,1231.6956
0.04283,0.11938,1739.2447
0.04283,0.14251,2488.6774
0.04283,0.17013,3603.7557
0.04283,0.20309,5278.6528
0.04283,0.24245,7824.3542
0.04283,0.28943,11751.8820
0.04283,0.34551,17928.5930
0.04283,0.41246,27889.0757
0.04283,0.49239,44500.7197
0.04283,0.58780,73534.4778
0.04283,0.70170,127915.3155
0.04283,0.83768,241928.5241
0.04283,1.00000,540107.9878
0.04590,0.00100,117.4543
0.04590,0.00119,117.5242
0.04590,0.00143,117.6167
0.04590,0.00170,117.7401
0.04590,0.00203,117.9058
0.04590,0.00242,118.1299
0.04590,0.00289,118.4348
0.04590,0.00346,118.8524
0.04590,0.00412,119.4272
0.04590,0.00492,120.2225
0.04590,0.00588,121.3278
0.04590,0.00702,122.8699
0.04590,0.00838,125.0294
0.04590,0.01000,128.0633
0.04590,0.01194,132.3380
0.04590,0.01425,138.3775
0.04590,0.01701,146.9313
0.04590,0.02031,159.0748
0.04590,0.02424,176.3537
0.04590,0.02894,200.9952
0.04590,0.03455,236.2180
0.04590,0.04125,286.6885
0.04590,0.04924,359.1985
0.04590,0.05878,463.6781
0.04590,0.07017,614.7250
0.04590,0.08377,833.9372
0.04590,0.10000,1153.5196
0.04590,0.11938,1621.9435
0.04590,0.14251,2312.9943
0.04590,0.17013,3340.5483
0.04590,0.20309,4883.3438
0.04590,0.24245,7227.8162
0.04590,0.28943,10845.0176
0.04590,0.34551,16535.2825
0.04590,0.41246,25716.4707
0.04590,0.49239,41042.2961
0.04590,0.58780,67865.2601
0.04590,0.70170,118208.3223
0.04590,0.83768,224104.9315
0.04590,1.00000,503259.0673
0.04919,0.00100,117.8195
0.04919,0.00119,117.9581
0.04919,0.00143,118.1316
0.04919,0.00170,118.3504
0.04919,0.00203,118.6281
0.04919,0.00242,118.9832
0.04919,0.00289,119.4408
0.04919,0.00346,120.0352
0.04919,0.00412,120.8133
0.04919,0.00492,121.8403
0.04919,0.00588,123.2063
0.04919,0.00702,125.0372
0.04919,0.00838,127.5091
0.04919,0.01000,130.8697
0.04919,0.01194,135.4685
0.04919,0.01425,141.7999
0.04919,0.01701,150.5662
0.04919,0.02031,162.7679
0.04919,0.02424,179.8349
0.04919,0.02894,203.8178
0.04919,0.03455,237.6678
0.04919,0.04125,285.6496
0.04919,0.04924,353.9524
0.04919,0.05878,451.6049
0.04919,0.07017,591.8540
0.04919,0.08377,794.2700
0.04919,0.10000,1087.9988
0.04919,0.11938,1516.8682
0.04919,0.14251,2147.5514
0.04919,0.17013,3082.9072
0.04919,0.20309,4484.3555
0.04919,0.24245,6610.5985
0.04919,0.28943,9887.2236
0.04919,0.34551,15037.7665
0.04919,0.41246,23345.2536
0.04919,0.49239,37214.3376
0.04919,0.58780,61504.5942
0.04919,0.70170,107162.4490
0.04919,0.83768,203482.3613
0.04919,1.00000,459268.2127
0.05272,0.00100,118.2417
0.05272,0.00119,118.4599
0.05272,0.00143,118.7277
0.05272,0.00170,119.0577
0.05272,0.00203,119.4663
0.05272,0.00242,119.9752
0.05272,0.00289,120.6127
0.05272,0.00346,121.4164
0.05272,0.00412,122.4370
0.05272,0.00492,123.7426
0.05272,0.00588,125.4258
0.05272,0.00702,127.6134
0.05272,0.00838,130.4796
0.05272,0.01000,134.2659
0.05272,0.01194,139.3082
0.05272,0.01425,146.0766
0.05272,0.01701,155.2316
0.05272,0.02031,167.7063
0.05272,0.02424,184.8240
0.05272,0.02894,208.4703
0.05272,0.03455,241.3442
0.05272,0.04125,287.3270
0.05272,0.04924,352.0300
0.05272,0.05878,443.6108
0.05272,0.07017,574.0044
0.05272,0.08377,760.8009
0.05272,0.10000,1030.1445
0.05272,0.11938,1421.2832
0.05272,0.14251,1993.8406
0.05272,0.17013,2839.6953
0.05272,0.20309,4102.9040
0.05272,0.24245,6014.1804
0.05272,0.28943,8952.8817
0.05272,0.34551,13563.7755
0.05272,0.41246,20990.2043
0.05272,0.49239,33375.7443
0.05272,0.58780,55056.0027
0.05272,0.70170,95813.6928
0.05272,0.83768,181920.7280
0.05272,1.00000,412050.7064
0.05650,0.00100,117.8102
0.05650,0.00119,117.9426
0.05650,0.00143,118.1070
0.05650,0.00170,118.3122
0.05650,0.00203,118.5699
0.05650,0.00242,118.8959
0.05650,0.00289,119.3112
0.05650,0.00346,119.8440
0.05650,0.00412,120.5333
0.05650,0.00492,121.4319
0.05650,0.00588,122.6131
0.05650,0.00702,124.1779
0.05650,0.00838,126.2676
0.05650,0.01000,129.0792
0.05650,0.01194,132.8896
0.05650,0.01425,138.0896
0.05650,0.01701,145.2318
0.05650,0.02031,155.1015
0.05650,0.02424,168.8185
0.05650,0.02894,187.9849
0.05650,0.03455,214.9027
0.05650,0.04125,252.8932
0.05650,0.04924,306.7702
0.05650,0.05878,383.5473
0.05650,0.07017,493.5054
0.05650,0.08377,651.8186
0.05650,0.10000,881.0678
0.05650,0.11938,1215.1847
0.05650,0.14251,1705.7538
0.05650,0.17013,2432.3091
0.05650,0.20309,3519.5969
0.05650,0.24245,5167.4469
0.05650,0.28943,7704.4605
0.05650,0.34551,11689.1243
0.05650,0.41246,18111.6874
0.05650,0.49239,28828.5024
0.05650,0.58780,47594.1823
0.05650,0.70170,82883.0368
0.05650,0.83768,157481.2793
0.05650,1.00000,357566.9961
0.06055,0.00100,116.9438
0.06055,0.00119,116.9064
0.06055,0.00143,116.8673
0.06055,0.00170,116.8285
0.06055,0.00203,116.7932
0.06055,0.00242,116.7671
0.06055,0.00289,116.7586
0.06055,0.00346,116.7809
0.06055,0.00412,116.8538
0.06055,0.00492,117.0070
0.06055,0.00588,117.2844
0.06055,0.00702,117.7504
0.06055,0.00838,118.4999
0.06055,0.01000,119.6710
0.06055,0.01194,121.4649
0.06055,0.01425,124.1739
0.06055,0.01701,128.2225
0.06055,0.02031,134.2268
0.06055,0.02424,143.0807
0.06055,0.02894,156.0831
0.06055,0.03455,175.1236
0.06055,0.04125,202.9571
0.06055,0.04924,243.6117
0.06055,0.05878,302.9996
0.06055,0.07017,389.8390
0.06055,0.08377,517.0627
0.06055,0.10000,703.9951
0.06055,0.11938,979.7712
0.06055,0.14251,1388.8022
0.06055,0.17013,1999.7055
0.06055,0.20309,2920.2773
0.06055,0.24245,4323.3943
0.06055,0.28943,6493.5524
0.06055,0.34551,9914.4751
0.06055,0.41246,15443.9345
0.06055,0.49239,24689.6691
0.06055,0.58780,40902.2289
0.06055,0.70170,71414.5603
0.06055,0.83768,135934.3089
0.06055,1.00000,309092.7696
0.06489,0.00100,116.4896
0.06489,0.00119,116.3626
0.06489,0.00143,116.2158
0.06489,0.00170,116.0475
0.06489,0.00203,115.8563
0.06489,0.00242,115.6421
0.06489,0.00289,115.4063
0.06489,0.00346,115.1533
0.06489,0.00412,114.8918
0.06489,0.00492,114.6377
0.06489,0.00588,114.4172
0.06489,0.00702,114.2724
0.06489,0.00838,114.2690
0.06489,0.01000,114.5072
0.06489,0.01194,115.1389
0.06489,0.01425,116.3907
0.06489,0.01701,118.5997
0.06489,0.02031,122.2637
0.06489,0.02424,128.1164
0.06489,0.02894,137.2365
0.06489,0.03455,151.2088
0.06489,0.04125,172.3628
0.06489,0.04924,204.1266
0.06489,0.05878,251.5595
0.06489,0.07017,322.1544
0.06489,0.08377,427.0661
0.06489,0.10000,583.0101
0.06489,0.11938,815.2444
0.06489,0.14251,1162.3376
0.06489,0.17013,1683.9565
0.06489,0.20309,2473.9189
0.06489,0.24245,3682.7617
0.06489,0.28943,5558.2623
0.06489,0.34551,8521.6559
0.06489,0.41246,13319.5721
0.06489,0.49239,21350.3620
0.06489,0.58780,35438.0116
0.06489,0.70170,61942.2691
0.06489,0.83768,117902.0617
0.06489,1.00000,267325.4789
0.06955,0.00100,116.6197
0.06955,0.00119,116.5162
0.06955,0.00143,116.3967
0.06955,0.00170,116.2599
0.06955,0.00203,116.1048
0.06955,0.00242,115.9315
0.06955,0.00289,115.7415
0.06955,0.00346,115.5387
0.06955,0.00412,115.3309
0.06955,0.00492,115.1319
0.06955,0.00588,114.9643
0.06955,0.00702,114.8644
0.06955,0.00838,114.8882
0.06955,0.01000,115.1215
0.06955,0.01194,115.6934
0.06955,0.01425,116.7967
0.06955,0.01701,118.7175
0.06955,0.02031,121.8780
0.06955,0.02424,126.8999
0.06955,0.02894,134.6964
0.06955,0.03455,146.6085
0.06955,0.04125,164.6055
0.06955,0.04924,191.5845
0.06955,0.05878,231.8178
0.06955,0.07017,291.6292
0.06955,0.08377,380.4268
0.06955,0.10000,512.2992
0.06955,0.11938,708.5183
0.06955,0.14251,1001.5385
0.06955,0.17013,1441.5191
0.06955,0.20309,2107.2423
0.06955,0.24245,3124.9612
0.06955,0.28943,4702.1858
0.06955,0.34551,7191.1163
0.06955,0.41246,11214.8512
0.06955,0.49239,17937.8777
0.06955,0.58780,29706.0436
0.06955,0.70170,51786.4757
0.06955,0.83768,98232.2340
0.06955,1.00000,221396.7405
0.07454,0.00100,117.3669
0.07454,0.00119,117.4064
0.07454,0.00143,117.4568
0.07454,0.00170,117.5217
0.07454,0.00203,117.6059
0.07454,0.00242,117.7160
0.07454,0.00289,117.8610
0.07454,0.00346,118.0537
0.07454,0.00412,118.3116
0.07454,0.00492,118.6591
0.07454,0.00588,119.1307
0.07454,0.00702,119.7749
0.07454,0.00838,120.6599
0.07454,0.01000,121.8823
0.07454,0.01194,123.5793
0.07454,0.01425,125.9458
0.07454,0.01701,129.2598
0.07454,0.02031,133.9183
0.07454,0.02424,140.4905
0.07454,0.02894,149.7941
0.07454,0.03455,163.0073
0.07454,0.04125,181.8343
0.07454,0.04924,208.7494
0.07454,0.05878,247.3613
0.07454,0.07017,302.9619
0.07454,0.08377,383.3603
0.07454,0.10000,500.1683
0.07454,0.11938,670.8087
0.07454,0.14251,921.7132
0.07454,0.17013,1293.5186
0.07454,0.20309,1849.7311
0.07454,0.24245,2691.6217
0.07454,0.28943,3984.8023
0.07454,0.34551,6008.8647
0.07454,0.41246,9255.5532
0.07454,0.49239,14637.6741
0.07454,0.58780,23978.9444
0.07454,0.70170,41329.2231
0.07454,0.83768,77305.6880
0.07454,1.00000,169792.5699
0.07988,0.00100,117.7093
0.07988,0.00119,117.8138
0.07988,0.00143,117.9412
0.07988,0.00170,118.0972
0.07988,0.00203,118.2890
0.07988,0.00242,118.5258
0.07988,0.00289,118.8197
0.07988,0.00346,119.1867
0.07988,0.00412,119.6477
0.07988,0.00492,120.2307
0.07988,0.00588,120.9735
0.07988,0.00702,121.9271
0.07988,0.00838,123.1609
0.07988,0.01000,124.7704
0.07988,0.01194,126.8875
0.07988,0.01425,129.6952
0.07988,0.01701,133.4493
0.07988,0.02031,138.5088
0.07988,0.02424,145.3801
0.07988,0.02894,154.7814
0.07988,0.03455,167.7358
0.07988,0.04125,185.7086
0.07988,0.04924,210.8087
0.07988,0.05878,246.0893
0.07988,0.07017,295.9983
0.07988,0.08377,367.0609
0.07988,0.10000,468.9289
0.07988,0.11938,616.0143
0.07988,0.14251,830.0810
0.07988,0.17013,1144.4410
0.07988,0.20309,1610.9223
0.07988,0.24245,2311.7933
0.07988,0.28943,3380.9295
0.07988,0.34551,5043.1153
0.07988,0.41246,7691.2319
0.07988,0.49239,12049.1121
0.07988,0.58780,19549.1758
0.07988,0.70170,33330.3480
0.07988,0.83768,61443.1277
0.07988,1.00000,131075.6951
0.08561,0.00100,117.4522
0.08561,0.00119,117.5060
0.08561,0.00143,117.5727
0.08561,0.00170,117.6558
0.08561,0.00203,117.7598
0.08561,0.00242,117.8908
0.08561,0.00289,118.0572
0.08561,0.00346,118.2699
0.08561,0.00412,118.5440
0.08561,0.00492,118.9000
0.08561,0.00588,119.3660
0.08561,0.00702,119.9811
0.08561,0.00838,120.7994
0.08561,0.01000,121.8964
0.08561,0.01194,123.3779
0.08561,0.01425,125.3931
0.08561,0.01701,128.1524
0.08561,0.02031,131.9543
0.08561,0.02424,137.2239
0.08561,0.02894,144.5680
0.08561,0.03455,154.8569
0.08561,0.04125,169.3439
0.08561,0.04924,189.8408
0.08561,0.05878,218.9813
0.08561,0.07017,260.6143
0.08561,0.08377,320.4021
0.08561,0.10000,406.7388
0.08561,0.11938,532.1820
0.08561,0.14251,715.7245
0.08561,0.17013,986.4741
0.08561,0.20309,1389.7670
0.08561,0.24245,1997.6354
0.08561,0.28943,2927.4033
0.08561,0.34551,4376.2538
0.08561,0.41246,6689.2271
0.08561,0.49239,10503.0206
0.08561,0.58780,17080.5713
0.08561,0.70170,29199.7230
0.08561,0.83768,54031.2030
0.08561,1.00000,116181.5166
0.09175,0.00100,116.7855
0.09175,0.00119,116.7094
0.09175,0.00143,116.6207
0.09175,0.00170,116.5177
0.09175,0.00203,116.3991
0.09175,0.00242,116.2634
0.09175,0.00289,116.1100
0.09175,0.00346,115.9391
0.09175,0.00412,115.7526
0.09175,0.00492,115.5549
0.09175,0.00588,115.3546
0.09175,0.00702,115.1663
0.09175,0.00838,115.0145
0.09175,0.01000,114.9374
0.09175,0.01194,114.9946
0.09175,0.01425,115.2766
0.09175,0.01701,115.9201
0.09175,0.02031,117.1289
0.09175,0.02424,119.2059
0.09175,0.02894,122.5992
0.09175,0.03455,127.9701
0.09175,0.04125,136.2939
0.09175,0.04924,149.0092
0.09175,0.05878,168.2417
0.09175,0.07017,197.1410
0.09175,0.08377,240.3938
0.09175,0.10000,305.0148
0.09175,0.11938,401.5826
0.09175,0.14251,546.2045
0.09175,0.17013,763.7075
0.09175,0.20309,1092.9499
0.09175,0.24245,1595.9367
0.09175,0.28943,2374.0519
0.09175,0.34551,3598.3191
0.09175,0.41246,5569.1306
0.09175,0.49239,8843.1140
0.09175,0.58780,14530.0406
0.09175,0.70170,25088.0270
0.09175,0.83768,46933.2962
0.09175,1.00000,102632.6429
0.09833,0.00100,116.6234
0.09833,0.00119,116.5152
0.09833,0.00143,116.3878
0.09833,0.00170,116.2382
0.09833,0.00203,116.0632
0.09833,0.00242,115.8594
0.09833,0.00289,115.6235
0.09833,0.00346,115.3522
0.09833,0.00412,115.0431
0.09833,0.00492,114.6955
0.09833,0.00588,114.3107
0.09833,0.00702,113.8947
0.09833,0.00838,113.4600
0.09833,0.01000,113.0296
0.09833,0.01194,112.6426
0.09833,0.01425,112.3623
0.09833,0.01701,112.2884
0.09833,0.02031,112.5748
0.09833,0.02424,113.4554
0.09833,0.02894,115.2833
0.09833,0.03455,118.5875
0.09833,0.04125,124.1571
0.09833,0.04924,133.1678
0.09833,0.05878,147.3700
0.09833,0.07017,169.3737
0.09833,0.08377,203.0834
0.09833,0.10000,254.3681
0.09833,0.11938,332.1109
0.09833,0.14251,449.8800
0.09833,0.17013,628.6465
0.09833,0.20309,901.3159
0.09833,0.24245,1320.5212
0.09833,0.28943,1972.5358
0.09833,0.34551,3003.2871
0.09833,0.41246,4669.8952
0.09833,0.49239,7450.6414
0.09833,0.58780,12303.7726
0.09833,0.70170,21365.4705
0.09833,0.83768,40261.4832
0.09833,1.00000,89110.0371
0.10538,0.00100,116.7933
0.10538,0.00119,116.7177
0.10538,0.00143,116.6290
0.10538,0.00170,116.5255
0.10538,0.00203,116.4052
0.10538,0.00242,116.2663
0.10538,0.00289,116.1071
0.10538,0.00346,115.9267
0.10538,0.00412,115.7250
0.10538,0.00492,115.5036
0.10538,0.00588,115.2671
0.10538,0.00702,115.0246
0.10538,0.00838,114.7919
0.10538,0.01000,114.5955
0.10538,0.01194,114.4773
0.10538,0.01425,114.5030
0.10538,0.01701,114.7729
0.10538,0.02031,115.4388
0.10538,0.02424,116.7281
0.10538,0.02894,118.9796
0.10538,0.03455,122.6964
0.10538,0.04125,128.6238
0.10538,0.04924,137.8648
0.10538,0.05878,152.0540
0.10538,0.07017,173.6188
0.10538,0.08377,206.1776
0.10538,0.10000,255.1538
0.10538,0.11938,328.7347
0.10538,0.14251,439.3976
0.10538,0.17013,606.3884
0.10538,0.20309,859.8503
0.10538,0.24245,1247.9156
0.10538,0.28943,1849.3549
0.10538,0.34551,2797.2001
0.10538,0.41246,4325.4928
0.10538,0.49239,6868.8763
0.10538,0.58780,11296.4614
0.10538,0.70170,19540.3669
0.10538,0.83768,36666.2320
0.10538,1.00000,80682.2812
0.11294,0.00100,117.1039
0.11294,0.00119,117.0884
0.11294,0.00143,117.0715
0.11294,0.00170,117.0536
0.11294,0.00203,117.0355
0.11294,0.00242,117.0186
0.11294,0.00289,117.0049
0.11294,0.00346,116.9980
0.11294,0.00412,117.0032
0.11294,0.00492,117.0287
0.11294,0.00588,117.0865
0.11294,0.00702,117.1947
0.11294,0.00838,117.3798
0.11294,0.01000,117.6811
0.11294,0.01194,118.1553
0.11294,0.01425,118.8859
0.11294,0.01701,119.9937
0.11294,0.02031,121.6546
0.11294,0.02424,124.1241
0.11294,0.02894,127.7733
0.11294,0.03455,133.1418
0.11294,0.04125,141.0158
0.11294,0.04924,152.5427
0.11294,0.05878,169.4028
0.11294,0.07017,194.0670
0.11294,0.08377,230.1868
0.11294,0.10000,283.1948
0.11294,0.11938,361.2373
0.11294,0.14251,476.6544
0.11294,0.17013,648.3717
0.11294,0.20309,905.8679
0.11294,0.24245,1295.9567
0.11294,0.28943,1894.8193
0.11294,0.34551,2830.3446
0.11294,0.41246,4326.0476
0.11294,0.49239,6793.9119
0.11294,0.58780,11050.3720
0.11294,0.70170,18889.8402
0.11294,0.83768,34942.5988
0.11294,1.00000,75262.8794
0.12104,0.00100,117.1125
0.12104,0.00119,117.0985
0.12104,0.00143,117.0833
0.12104,0.00170,117.0674
0.12104,0.00203,117.0516
0.12104,0.00242,117.0371
0.12104,0.00289,117.0261
0.12104,0.00346,117.0220
0.12104,0.00412,117.0301
0.12104,0.00492,117.0581
0.12104,0.00588,117.1179
0.12104,0.00702,117.2268
0.12104,0.00838,117.4106
0.12104,0.01000,117.7068
0.12104,0.01194,118.1703
0.12104,0.01425,118.8812
0.12104,0.01701,119.9556
0.12104,0.02031,121.5624
0.12104,0.02424,123.9465
0.12104,0.02894,127.4637
0.12104,0.03455,132.6306
0.12104,0.04125,140.1994
0.12104,0.04924,151.2670
0.12104,0.05878,167.4377
0.12104,0.07017,191.0681
0.12104,0.08377,225.6362
0.12104,0.10000,276.3080
0.12104,0.11938,350.8164
0.12104,0.14251,460.8496
0.12104,0.17013,624.2888
0.12104,0.20309,868.9028
0.12104,0.24245,1238.6347
0.12104,0.28943,1804.6924
0.12104,0.34551,2686.0067
0.12104,0.41246,4089.1323
0.12104,0.49239,6391.7680
0.12104,0.58780,10334.5487
0.12104,0.70170,17521.2110
0.12104,0.83768,31995.4937
0.12104,1.00000,67225.8382
0.12972,0.00100,116.7886
0.12972,0.00119,116.7117
0.12972,0.00143,116.6215
0.12972,0.00170,116.5159
0.12972,0.00203,116.3928
0.12972,0.00242,116.2502
0.12972,0.00289,116.0861
0.12972,0.00346,115.8990
0.12972,0.00412,115.6881
0.12972,0.00492,115.4543
0.12972,0.00588,115.2006
0.12972,0.00702,114.9342
0.12972,0.00838,114.6683
0.12972,0.01000,114.4253
0.12972,0.01194,114.2419
0.12972,0.01425,114.1754
0.12972,0.01701,114.3149
0.12972,0.02031,114.7954
0.12972,0.02424,115.8201
0.12972,0.02894,117.6927
0.12972,0.03455,120.8647
0.12972,0.04125,126.0052
0.12972,0.04924,134.1046
0.12972,0.05878,146.6287
0.12972,0.07017,165.7502
0.12972,0.08377,194.6994
0.12972,0.10000,238.3003
0.12972,0.11938,303.8018
0.12972,0.14251,402.1883
0.12972,0.17013,550.2826
0.12972,0.20309,774.2057
0.12972,0.24245,1115.2281
0.12972,0.28943,1640.0211
0.12972,0.34551,2459.3952
0.12972,0.41246,3764.4156
0.12972,0.49239,5900.8010
0.12972,0.58780,9535.9273
0.12972,0.70170,16079.4149
0.12972,0.83768,28931.6020
0.12972,1.00000,58349.1098
0.13903,0.00100,116.7295
0.13903,0.00119,116.6412
0.13903,0.00143,116.5374
0.13903,0.00170,116.4155
0.13903,0.00203,116.2732
0.13903,0.00242,116.1076
0.13903,0.00289,115.9161
0.13903,0.00346,115.6964
0.13903,0.00412,115.4468
0.13903,0.00492,115.1670
0.13903,0.00588,114.8588
0.13903,0.00702,114.5277
0.13903,0.00838,114.1852
0.13903,0.01000,113.8517
0.13903,0.01194,113.5615
0.13903,0.01425,113.3696
0.13903,0.01701,113.3619
0.13903,0.02031,113.6704
0.13903,0.02424,114.4951
0.13903,0.02894,116.1366
0.13903,0.03455,119.0432
0.13903,0.04125,123.8819
0.13903,0.04924,131.6419
0.13903,0.05878,143.7901
0.13903,0.07017,162.5035
0.13903,0.08377,191.0217
0.13903,0.10000,234.1849
0.13903,0.11938,299.2677
0.13903,0.14251,397.2913
0.13903,0.17013,545.1281
0.13903,0.20309,768.9562
0.13903,0.24245,1110.0950
0.13903,0.28943,1635.2067
0.13903,0.34551,2454.9068
0.13903,0.41246,3759.5468
0.13903,0.49239,5892.7184
0.13903,0.58780,9515.6405
0.13903,0.70170,16018.9847
0.13903,0.83768,28735.1671
0.13903,1.00000,57602.5952
0.14900,0.00100,116.9066
0.14900,0.00119,116.8527
0.14900,0.00143,116.7897
0.14900,0.00170,116.7167
0.14900,0.00203,116.6326
0.14900,0.00242,116.5365
0.14900,0.00289,116.4279
0.14900,0.00346,116.3071
0.14900,0.00412,116.1753
0.14900,0.00492,116.0360
0.14900,0.00588,115.8951
0.14900,0.00702,115.7635
0.14900,0.00838,115.6584
0.14900,0.01000,115.6075
0.14900,0.01194,115.6534
0.14900,0.01425,115.8608
0.14900,0.01701,116.3271
0.14900,0.02031,117.1976
0.14900,0.02424,118.6876
0.14900,0.02894,121.1148
0.14900,0.03455,124.9473
0.14900,0.04125,130.8730
0.14900,0.04924,139.9035
0.14900,0.05878,153.5276
0.14900,0.07017,173.9411
0.14900,0.08377,204.3941
0.14900,0.10000,249.7205
0.14900,0.11938,317.1563
0.14900,0.14251,417.6247
0.14900,0.17013,567.7930
0.14900,0.20309,793.4419
0.14900,0.24245,1135.1437
0.14900,0.28943,1658.1691
0.14900,0.34551,2470.5201
0.14900,0.41246,3757.5259
0.14900,0.49239,5852.7382
0.14900,0.58780,9396.0361
0.14900,0.70170,15728.2285
0.14900,0.83768,28046.3219
0.14900,1.00000,55826.6931
0.15000,0.00100,116.9071
0.15000,0.00127,116.8326
0.15000,0.00161,116.7413
0.15000,0.00204,116.6304
0.15000,0.00259,116.4979
0.15000,0.00329,116.3430
0.15000,0.00418,116.1678
0.15000,0.00530,115.9797
0.15000,0.00672,115.7965
0.15000,0.00853,115.6537
0.15000,0.01083,115.6174
0.15000,0.01374,115.8061
0.15000,0.01743,116.4261
0.15000,0.02212,117.8313
0.15000,0.02807,120.6215
0.15000,0.03562,125.8077
0.15000,0.04520,135.0880
0.15000,0.05736,151.3149
0.15000,0.07279,179.2930
0.15000,0.09237,227.1617
0.15000,0.11721,308.8366
0.15000,0.14874,448.4276
0.15000,0.18874,688.4959
0.15000,0.23950,1106.1417
0.15000,0.30392,1846.1170
0.15000,0.38566,3194.0946
0.15000,0.48939,5755.3341
0.15000,0.62102,10953.1395
0.15000,0.78805,22725.0047
0.15000,1.00000,55665.1380
0.16546,0.00100,117.0603
0.16546,0.00127,117.0141
0.16546,0.00161,116.9585
0.16546,0.00204,116.8929
0.16546,0.00259,116.8174
0.16546,0.00329,116.7344
0.16546,0.00418,116.6496
0.16546,0.00530,116.5750
0.16546,0.00672,116.5338
0.16546,0.00853,116.5677
0.16546,0.01083,116.7502
0.16546,0.01374,117.2077
0.16546,0.01743,118.1542
0.16546,0.02212,119.9497
0.16546,0.02807,123.1960
0.16546,0.03562,128.8957
0.16546,0.04520,138.7185
0.16546,0.05736,155.4498
0.16546,0.07279,183.7543
0.16546,0.09237,231.4943
0.16546,0.11721,312.0503
0.16546,0.14874,448.5036
0.16546,0.18874,681.4196
0.16546,0.23950,1083.9472
0.16546,0.30392,1792.7484
0.16546,0.38566,3076.1009
0.16546,0.48939,5499.0943
0.16546,0.62102,10381.6479
0.16546,0.78805,21342.5767
0.16546,1.00000,51591.1903
0.18251,0.00100,117.1019
0.18251,0.00127,117.0665
0.18251,0.00161,117.0244
0.18251,0.00204,116.9754
0.18251,0.00259,116.9204
0.18251,0.00329,116.8623
0.18251,0.00418,116.8074
0.18251,0.00530,116.7681
0.18251,0.00672,116.7672
0.18251,0.00853,116.8451
0.18251,0.01083,117.0719
0.18251,0.01374,117.5664
0.18251,0.01743,118.5293
0.18251,0.02212,120.2951
0.18251,0.02807,123.4208
0.18251,0.03562,128.8308
0.18251,0.04520,138.0586
0.18251,0.05736,153.6543
0.18251,0.07279,179.8728
0.18251,0.09237,223.8601
0.18251,0.11721,297.7258
0.18251,0.14874,422.2576
0.18251,0.18874,633.7768
0.18251,0.23950,997.3167
0.18251,0.30392,1633.3259
0.18251,0.38566,2775.7171
0.18251,0.48939,4910.4961
0.18251,0.62102,9152.2549
0.18251,0.78805,18472.6385
0.18251,1.00000,43118.7349
0.20132,0.00100,117.2501
0.20132,0.00127,117.2540
0.20132,0.00161,117.2614
0.20132,0.00204,117.2747
0.20132,0.00259,117.2981
0.20132,0.00329,117.3380
0.20132,0.00418,117.4052
0.20132,0.00530,117.5173
0.20132,0.00672,117.7027
0.20132,0.00853,118.0078
0.20132,0.01083,118.5077
0.20132,0.01374,119.3244
0.20132,0.01743,120.6562
0.20132,0.02212,122.8252
0.20132,0.02807,126.3565
0.20132,0.03562,132.1068
0.20132,0.04520,141.4790
0.20132,0.05736,156.7800
0.20132,0.07279,181.8243
0.20132,0.09237,222.9666
0.20132,0.11721,290.8982
0.20132,0.14874,403.8448
0.20132,0.18874,593.4356
0.20132,0.23950,915.9082
0.20132,0.30392,1474.6742
0.20132,0.38566,2469.0891
0.20132,0.48939,4310.4146
0.20132,0.62102,7936.0335
0.20132,0.78805,15835.4284
0.20132,1.00000,36635.6102
0.22206,0.00100,117.4306
0.22206,0.00127,117.4825
0.22206,0.00161,117.5504
0.22206,0.00204,117.6399
0.22206,0.00259,117.7590
0.22206,0.00329,117.9188
0.22206,0.00418,118.1357
0.22206,0.00530,118.4338
0.22206,0.00672,118.8487
0.22206,0.00853,119.4346
0.22206,0.01083,120.2739
0.22206,0.01374,121.4938
0.22206,0.01743,123.2926
0.22206,0.02212,125.9816
0.22206,0.02807,130.0538
0.22206,0.03562,136.2955
0.22206,0.04520,145.9697
0.22206,0.05736,161.1202
0.22206,0.07279,185.0804
0.22206,0.09237,223.3364
0.22206,0.11721,285.0168
0.22206,0.14874,385.5188
0.22206,0.18874,551.2787
0.22206,0.23950,828.7781
0.22206,0.30392,1302.4615
0.22206,0.38566,2132.9814
0.22206,0.48939,3647.0306
0.22206,0.62102,6578.0240
0.22206,0.78805,12844.0316
0.22206,1.00000,29012.7753
0.24495,0.00100,117.5215
0.24495,0.00127,117.5973
0.24495,0.00161,117.6952
0.24495,0.00204,117.8224
0.24495,0.00259,117.9883
0.24495,0.00329,118.2063
0.24495,0.00418,118.4948
0.24495,0.00530,118.8803
0.24495,0.00672,119.4005
0.24495,0.00853,120.1108
0.24495,0.01083,121.0932
0.24495,0.01374,122.4708
0.24495,0.01743,124.4308
0.24495,0.02212,127.2610
0.24495,0.02807,131.4092
0.24495,0.03562,137.5780
0.24495,0.04520,146.8811
0.24495,0.05736,161.0992
0.24495,0.07279,183.1061
0.24495,0.09237,217.5856
0.24495,0.11721,272.2579
0.24495,0.14874,360.0217
0.24495,0.18874,502.8002
0.24495,0.23950,738.7076
0.24495,0.30392,1136.0921
0.24495,0.38566,1823.0012
0.24495,0.48939,3055.0814
0.24495,0.62102,5393.6172
0.24495,0.78805,10265.9995
0.24495,1.00000,22381.1286
0.27019,0.00100,117.6112
0.27019,0.00127,117.7108
0.27019,0.00161,117.8387
0.27019,0.00204,118.0034
0.27019,0.00259,118.2165
0.27019,0.00329,118.4935
0.27019,0.00418,118.8553
0.27019,0.00530,119.3314
0.27019,0.00672,119.9627
0.27019,0.00853,120.8077
0.27019,0.01083,121.9509
0.27019,0.01374,123.5160
0.27019,0.01743,125.6874
0.27019,0.02212,128.7426
0.27019,0.02807,133.1058
0.27019,0.03562,139.4326
0.27019,0.04520,148.7479
0.27019,0.05736,162.6715
0.27019,0.07279,183.7914
0.27019,0.09237,216.2882
0.27019,0.11721,266.9985
0.27019,0.14874,347.2607
0.27019,0.18874,476.2108
0.27019,0.23950,686.8800
0.27019,0.30392,1038.0564
0.27019,0.38566,1638.9753
0.27019,0.48939,2705.7482
0.27019,0.62102,4708.1245
0.27019,0.78805,8827.7645
0.27019,1.00000,18915.2011
0.29804,0.00100,117.6716
0.29804,0.00127,117.7872
0.29804,0.00161,117.9353
0.29804,0.00204,118.1254
0.29804,0.00259,118.3704
0.29804,0.00329,118.6872
0.29804,0.00418,119.0987
0.29804,0.00530,119.6362
0.29804,0.00672,120.3430
0.29804,0.00853,121.2800
0.29804,0.01083,122.5334
0.29804,0.01374,124.2281
0.29804,0.01743,126.5469
0.29804,0.02212,129.7621
0.29804,0.02807,134.2837
0.29804,0.03562,140.7387
0.29804,0.04520,150.0973
0.29804,0.05736,163.8788
0.29804,0.07279,184.4908
0.29804,0.09237,215.7939
0.29804,0.11721,264.0574
0.29804,0.14874,339.6090
0.29804,0.18874,459.7565
0.29804,0.23950,654.1478
0.29804,0.30392,975.0830
0.29804,0.38566,1518.6973
0.29804,0.48939,2472.6035
0.29804,0.62102,4237.3945
0.29804,0.78805,7796.5665
0.29804,1.00000,16232.5786
0.32875,0.00100,117.4849
0.32875,0.00127,117.5502
0.32875,0.00161,117.6343
0.32875,0.00204,117.7431
0.32875,0.00259,117.8848
0.32875,0.00329,118.0701
0.32875,0.00418,118.3142
0.32875,0.00530,118.6386
0.32875,0.00672,119.0735
0.32875,0.00853,119.6632
0.32875,0.01083,120.4724
0.32875,0.01374,121.5975
0.32875,0.01743,123.1842
0.32875,0.02212,125.4547
0.32875,0.02807,128.7520
0.32875,0.03562,133.6114
0.32875,0.04520,140.8750
0.32875,0.05736,151.8809
0.32875,0.07279,168.7720
0.32875,0.09237,195.0128
0.32875,0.11721,236.2585
0.32875,0.14874,301.8483
0.32875,0.18874,407.4268
0.32875,0.23950,579.6992
0.32875,0.30392,865.4432
0.32875,0.38566,1349.6874
0.32875,0.48939,2195.7207
0.32875,0.62102,3744.6734
0.32875,0.78805,6810.6297
0.32875,1.00000,13855.1020
0.36263,0.00100,117.2275
0.36263,0.00127,117.2236
0.36263,0.00161,117.2201
0.36263,0.00204,117.2178
0.36263,0.00259,117.2185
0.36263,0.00329,117.2252
0.36263,0.00418,117.2432
0.36263,0.00530,117.2810
0.36263,0.00672,117.3535
0.36263,0.00853,117.4847
0.36263,0.01083,117.7146
0.36263,0.01374,118.1087
0.36263,0.01743,118.7741
0.36263,0.02212,119.8855
0.36263,0.02807,121.7280
0.36263,0.03562,124.7660
0.36263,0.04520,129.7571
0.36263,0.05736,137.9381
0.36263,0.07279,151.3329
0.36263,0.09237,173.2651
0.36263,0.11721,209.2186
0.36263,0.14874,268.3064
0.36263,0.18874,365.8235
0.36263,0.23950,527.8107
0.36263,0.30392,799.5450
0.36263,0.38566,1262.2650
0.36263,0.48939,2068.9831
0.36263,0.62102,3530.9830
0.36263,0.78805,6366.5704
0.36263,1.00000,12673.3731
0.40000,0.00100,117.0533
0.40000,0.00127,117.0027
0.40000,0.00161,116.9401
0.40000,0.00204,116.8631
0.40000,0.00259,116.7693
0.40000,0.00329,116.6568
0.40000,0.00418,116.5243
0.40000,0.00530,116.3727
0.40000,0.00672,116.2072
0.40000,0.00853,116.0402
0.40000,0.01083,115.8980
0.40000,0.01374,115.8298
0.40000,0.01743,115.9245
0.40000,0.02212,116.3374
0.40000,0.02807,117.3345
0.40000,0.03562,119.3656
0.40000,0.04520,123.1842
0.40000,0.05736,130.0450
0.40000,0.07279,142.0312
0.40000,0.09237,162.5977
0.40000,0.11721,197.4814
0.40000,0.14874,256.2433
0.40000,0.18874,354.9256
0.40000,0.23950,520.7415
0.40000,0.30392,800.6509
0.40000,0.38566,1277.8902
0.40000,0.48939,2106.4416
0.40000,0.62102,3591.8379
0.40000,0.78805,6416.5068
0.40000,1.00000,12506.9392
