2.30000,0.01000,476.8542
2.30000,0.01053,476.6561
2.30000,0.01109,476.4500
2.30000,0.01168,476.2359
2.30000,0.01230,476.0135
2.30000,0.01295,475.7829
2.30000,0.01364,475.5439
2.30000,0.01436,475.2965
2.30000,0.01513,475.0409
2.30000,0.01593,474.7770
2.30000,0.01678,474.5050
2.30000,0.01767,474.2252
2.30000,0.01861,473.9379
2.30000,0.01959,473.6436
2.30000,0.02064,473.3427
2.30000,0.02173,473.0360
2.30000,0.02288,472.7243
2.30000,0.02410,472.4086
2.30000,0.02538,472.0901
2.30000,0.02673,471.7702
2.30000,0.02815,471.4507
2.30000,0.02964,471.1334
2.30000,0.03122,470.8209
2.30000,0.03287,470.5157
2.30000,0.03462,470.2210
2.30000,0.03646,469.9404
2.30000,0.03839,469.6782
2.30000,0.04043,469.4390
2.30000,0.04258,469.2285
2.30000,0.04484,469.0530
2.30000,0.04722,468.9198
2.30000,0.04973,468.8370
2.30000,0.05237,468.8142
2.30000,0.05515,468.8622
2.30000,0.05808,468.9932
2.30000,0.06117,469.2213
2.30000,0.06442,469.5624
2.30000,0.06784,470.0345
2.30000,0.07144,470.6583
2.30000,0.07523,471.4573
2.30000,0.07923,472.4581
2.30000,0.08344,473.6910
2.30000,0.08787,475.1903
2.30000,0.09253,476.9953
2.30000,0.09745,479.1505
2.30000,0.10262,481.7065
2.30000,0.10807,484.7210
2.30000,0.11381,488.2596
2.30000,0.11985,492.3971
2.30000,0.12622,497.2189
2.30000,0.13292,502.8221
2.30000,0.13998,509.3180
2.30000,0.14741,516.8336
2.30000,0.15524,525.5141
2.30000,0.16349,535.5262
2.30000,0.17217,547.0608
2.30000,0.18131,560.3372
2.30000,0.19094,575.6080
2.30000,0.20108,593.1638
2.30000,0.21176,613.3403
2.30000,0.22301,636.5256
2.30000,0.23485,663.1696
2.30000,0.24732,693.7947
2.30000,0.26045,729.0088
2.30000,0.27429,769.5219
2.30000,0.28885,816.1644
2.30000,0.30419,869.9116
2.30000,0.32035,931.9116
2.30000,0.33736,1003.5215
2.30000,0.35527,1086.3509
2.30000,0.37414,1182.3171
2.30000,0.39401,1293.7137
2.30000,0.41493,1423.2981
2.30000,0.43697,1574.4023
2.30000,0.46017,1751.0763
2.30000,0.48461,1958.2733
2.30000,0.51035,2202.0938
2.30000,0.53745,2490.1087
2.30000,0.56599,2831.7938
2.30000,0.59605,3239.1224
2.30000,0.62770,3727.3857
2.30000,0.66104,4316.3495
2.30000,0.69614,5031.9191
2.30000,0.73311,5908.5942
2.30000,0.77204,6993.1897
2.30000,0.81304,8350.6706
2.30000,0.85622,10073.6850
2.30000,0.90169,12298.9660
2.30000,0.94957,15237.4763
2.30000,1.00000,19231.6613
2.33239,0.01000,476.7912
2.33239,0.01053,476.5889
2.33239,0.01109,476.3783
2.33239,0.01168,476.1593
2.33239,0.01230,475.9317
2.33239,0.01295,475.6955
2.33239,0.01364,475.4504
2.33239,0.01436,475.1965
2.33239,0.01513,474.9337
2.33239,0.01593,474.6622
2.33239,0.01678,474.3819
2.33239,0.01767,474.0932
2.33239,0.01861,473.7962
2.33239,0.01959,473.4913
2.33239,0.02064,473.1791
2.33239,0.02173,472.8600
2.33239,0.02288,472.5348
2.33239,0.02410,472.2045
2.33239,0.02538,471.8701
2.33239,0.02673,471.5329
2.33239,0.02815,471.1945
2.33239,0.02964,470.8567
2.33239,0.03122,470.5217
2.33239,0.03287,470.1920
2.33239,0.03462,469.8706
2.33239,0.03646,469.5607
2.33239,0.03839,469.2665
2.33239,0.04043,468.9923
2.33239,0.04258,468.7434
2.33239,0.04484,468.5258
2.33239,0.04722,468.3463
2.33239,0.04973,468.2128
2.33239,0.05237,468.1343
2.33239,0.05515,468.1210
2.33239,0.05808,468.1846
2.33239,0.06117,468.3384
2.33239,0.06442,468.5977
2.33239,0.06784,468.9797
2.33239,0.07144,469.5041
2.33239,0.07523,470.1933
2.33239,0.07923,471.0727
2.33239,0.08344,472.1715
2.33239,0.08787,473.5225
2.33239,0.09253,475.1633
2.33239,0.09745,477.1366
2.33239,0.10262,479.4909
2.33239,0.10807,482.2817
2.33239,0.11381,485.5720
2.33239,0.11985,489.4336
2.33239,0.12622,493.9485
2.33239,0.13292,499.2104
2.33239,0.13998,505.3262
2.33239,0.14741,512.4181
2.33239,0.15524,520.6260
2.33239,0.16349,530.1104
2.33239,0.17217,541.0553
2.33239,0.18131,553.6722
2.33239,0.19094,568.2045
2.33239,0.20108,584.9327
2.33239,0.21176,604.1805
2.33239,0.22301,626.3228
2.33239,0.23485,651.7937
2.33239,0.24732,681.0979
2.33239,0.26045,714.8228
2.33239,0.27429,753.6543
2.33239,0.28885,798.3955
2.33239,0.30419,849.9893
2.33239,0.32035,909.5465
2.33239,0.33736,978.3801
2.33239,0.35527,1058.0483
2.33239,0.37414,1150.4073
2.33239,0.39401,1257.6788
2.33239,0.41493,1382.5341
2.33239,0.43697,1528.2029
2.33239,0.46017,1698.6114
2.33239,0.48461,1898.5637
2.33239,0.51035,2133.9782
2.33239,0.53745,2412.2027
2.33239,0.56599,2742.4371
2.33239,0.59605,3136.3105
2.33239,0.62770,3608.6796
2.33239,0.66104,4178.7567
2.33239,0.69614,4871.7316
2.33239,0.73311,5721.1649
2.33239,0.77204,6772.6167
2.33239,0.81304,8089.3395
2.33239,0.85622,9761.5830
2.33239,0.90169,11922.6116
2.33239,0.94957,14778.1522
2.33239,1.00000,18661.4959
2.36524,0.01000,477.1714
2.36524,0.01053,476.9886
2.36524,0.01109,476.7985
2.36524,0.01168,476.6009
2.36524,0.01230,476.3958
2.36524,0.01295,476.1831
2.36524,0.01364,475.9628
2.36524,0.01436,475.7347
2.36524,0.01513,475.4991
2.36524,0.01593,475.2560
2.36524,0.01678,475.0055
2.36524,0.01767,474.7478
2.36524,0.01861,474.4834
2.36524,0.01959,474.2125
2.36524,0.02064,473.9358
2.36524,0.02173,473.6539
2.36524,0.02288,473.3675
2.36524,0.02410,473.0776
2.36524,0.02538,472.7853
2.36524,0.02673,472.4921
2.36524,0.02815,472.1994
2.36524,0.02964,471.9093
2.36524,0.03122,471.6238
2.36524,0.03287,471.3455
2.36524,0.03462,471.0773
2.36524,0.03646,470.8227
2.36524,0.03839,470.5857
2.36524,0.04043,470.3706
2.36524,0.04258,470.1827
2.36524,0.04484,470.0280
2.36524,0.04722,469.9132
2.36524,0.04973,469.8461
2.36524,0.05237,469.8355
2.36524,0.05515,469.8916
2.36524,0.05808,470.0260
2.36524,0.06117,470.2516
2.36524,0.06442,470.5835
2.36524,0.06784,471.0386
2.36524,0.07144,471.6362
2.36524,0.07523,472.3982
2.36524,0.07923,473.3497
2.36524,0.08344,474.5190
2.36524,0.08787,475.9384
2.36524,0.09253,477.6445
2.36524,0.09745,479.6790
2.36524,0.10262,482.0894
2.36524,0.10807,484.9298
2.36524,0.11381,488.2616
2.36524,0.11985,492.1548
2.36524,0.12622,496.6896
2.36524,0.13292,501.9569
2.36524,0.13998,508.0611
2.36524,0.14741,515.1212
2.36524,0.15524,523.2734
2.36524,0.16349,532.6739
2.36524,0.17217,543.5019
2.36524,0.18131,555.9632
2.36524,0.19094,570.2945
2.36524,0.20108,586.7689
2.36524,0.21176,605.7013
2.36524,0.22301,627.4562
2.36524,0.23485,652.4561
2.36524,0.24732,681.1917
2.36524,0.26045,714.2345
2.36524,0.27429,752.2515
2.36524,0.28885,796.0240
2.36524,0.30419,846.4689
2.36524,0.32035,904.6668
2.36524,0.33736,971.8949
2.36524,0.35527,1049.6691
2.36524,0.37414,1139.7953
2.36524,0.39401,1244.4352
2.36524,0.41493,1366.1884
2.36524,0.43697,1508.1979
2.36524,0.46017,1674.2855
2.36524,0.48461,1869.1280
2.36524,0.51035,2098.4879
2.36524,0.53745,2369.5205
2.36524,0.56599,2691.1865
2.36524,0.59605,3074.8141
2.36524,0.62770,3534.8788
2.36524,0.66104,4090.1024
2.36524,0.69614,4765.0361
2.36524,0.73311,5592.3941
2.36524,0.77204,6616.5933
2.36524,0.81304,7899.3049
2.36524,0.85622,9528.5268
2.36524,0.90169,11634.1962
2.36524,0.94957,14416.8757
2.36524,1.00000,18200.5255
2.39854,0.01000,478.0293
2.39854,0.01053,477.8915
2.39854,0.01109,477.7487
2.39854,0.01168,477.6009
2.39854,0.01230,477.4481
2.39854,0.01295,477.2904
2.39854,0.01364,477.1279
2.39854,0.01436,476.9607
2.39854,0.01513,476.7889
2.39854,0.01593,476.6129
2.39854,0.01678,476.4330
2.39854,0.01767,476.2495
2.39854,0.01861,476.0630
2.39854,0.01959,475.8740
2.39854,0.02064,475.6833
2.39854,0.02173,475.4916
2.39854,0.02288,475.3000
2.39854,0.02410,475.1097
2.39854,0.02538,474.9219
2.39854,0.02673,474.7383
2.39854,0.02815,474.5607
2.39854,0.02964,474.3911
2.39854,0.03122,474.2322
2.39854,0.03287,474.0865
2.39854,0.03462,473.9574
2.39854,0.03646,473.8485
2.39854,0.03839,473.7640
2.39854,0.04043,473.7087
2.39854,0.04258,473.6881
2.39854,0.04484,473.7083
2.39854,0.04722,473.7765
2.39854,0.04973,473.9007
2.39854,0.05237,474.0900
2.39854,0.05515,474.3548
2.39854,0.05808,474.7069
2.39854,0.06117,475.1597
2.39854,0.06442,475.7282
2.39854,0.06784,476.4298
2.39854,0.07144,477.2838
2.39854,0.07523,478.3124
2.39854,0.07923,479.5406
2.39854,0.08344,480.9970
2.39854,0.08787,482.7136
2.39854,0.09253,484.7272
2.39854,0.09745,487.0793
2.39854,0.10262,489.8172
2.39854,0.10807,492.9943
2.39854,0.11381,496.6719
2.39854,0.11985,500.9192
2.39854,0.12622,505.8153
2.39854,0.13292,511.4503
2.39854,0.13998,517.9271
2.39854,0.14741,525.3630
2.39854,0.15524,533.8923
2.39854,0.16349,543.6686
2.39854,0.17217,554.8682
2.39854,0.18131,567.6931
2.39854,0.19094,582.3760
2.39854,0.20108,599.1847
2.39854,0.21176,618.4281
2.39854,0.22301,640.4635
2.39854,0.23485,665.7048
2.39854,0.24732,694.6325
2.39854,0.26045,727.8060
2.39854,0.27429,765.8781
2.39854,0.28885,809.6128
2.39854,0.30419,859.9070
2.39854,0.32035,917.8170
2.39854,0.33736,984.5912
2.39854,0.35527,1061.7108
2.39854,0.37414,1150.9405
2.39854,0.39401,1254.3920
2.39854,0.41493,1374.6048
2.39854,0.43697,1514.6489
2.39854,0.46017,1678.2570
2.39854,0.48461,1869.9971
2.39854,0.51035,2095.4975
2.39854,0.53745,2361.7471
2.39854,0.56599,2677.4987
2.39854,0.59605,3053.8187
2.39854,0.62770,3504.8493
2.39854,0.66104,4048.8835
2.39854,0.69614,4709.9137
2.39854,0.73311,5519.9143
2.39854,0.77204,6522.3053
2.39854,0.81304,7777.3845
2.39854,0.85622,9371.2068
2.39854,0.90169,11430.8646
2.39854,0.94957,14152.5524
2.39854,1.00000,17852.3094
2.43232,0.01000,479.3343
2.43232,0.01053,479.2653
2.43232,0.01109,479.1949
2.43232,0.01168,479.1233
2.43232,0.01230,479.0507
2.43232,0.01295,478.9774
2.43232,0.01364,478.9036
2.43232,0.01436,478.8298
2.43232,0.01513,478.7563
2.43232,0.01593,478.6837
2.43232,0.01678,478.6124
2.43232,0.01767,478.5433
2.43232,0.01861,478.4771
2.43232,0.01959,478.4145
2.43232,0.02064,478.3568
2.43232,0.02173,478.3050
2.43232,0.02288,478.2604
2.43232,0.02410,478.2246
2.43232,0.02538,478.1993
2.43232,0.02673,478.1865
2.43232,0.02815,478.1883
2.43232,0.02964,478.2074
2.43232,0.03122,478.2466
2.43232,0.03287,478.3092
2.43232,0.03462,478.3987
2.43232,0.03646,478.5195
2.43232,0.03839,478.6761
2.43232,0.04043,478.8740
2.43232,0.04258,479.1191
2.43232,0.04484,479.4182
2.43232,0.04722,479.7789
2.43232,0.04973,480.2100
2.43232,0.05237,480.7211
2.43232,0.05515,481.3232
2.43232,0.05808,482.0288
2.43232,0.06117,482.8520
2.43232,0.06442,483.8084
2.43232,0.06784,484.9160
2.43232,0.07144,486.1949
2.43232,0.07523,487.6679
2.43232,0.07923,489.3608
2.43232,0.08344,491.3025
2.43232,0.08787,493.5261
2.43232,0.09253,496.0686
2.43232,0.09745,498.9722
2.43232,0.10262,502.2847
2.43232,0.10807,506.0600
2.43232,0.11381,510.3596
2.43232,0.11985,515.2531
2.43232,0.12622,520.8196
2.43232,0.13292,527.1492
2.43232,0.13998,534.3446
2.43232,0.14741,542.5225
2.43232,0.15524,551.8164
2.43232,0.16349,562.3791
2.43232,0.17217,574.3850
2.43232,0.18131,588.0345
2.43232,0.19094,603.5575
2.43232,0.20108,621.2185
2.43232,0.21176,641.3225
2.43232,0.22301,664.2216
2.43232,0.23485,690.3234
2.43232,0.24732,720.1008
2.43232,0.26045,754.1039
2.43232,0.27429,792.9739
2.43232,0.28885,837.4611
2.43232,0.30419,888.4456
2.43232,0.32035,946.9633
2.43232,0.33736,1014.2378
2.43232,0.35527,1091.7205
2.43232,0.37414,1181.1396
2.43232,0.39401,1284.5624
2.43232,0.41493,1404.4743
2.43232,0.43697,1543.8791
2.43232,0.46017,1706.4283
2.43232,0.48461,1896.5894
2.43232,0.51035,2119.8665
2.43232,0.53745,2383.0938
2.43232,0.56599,2694.8299
2.43232,0.59605,3065.8959
2.43232,0.62770,3510.1219
2.43232,0.66104,4045.4001
2.43232,0.69614,4695.2019
2.43232,0.73311,5490.8180
2.43232,0.77204,6474.7585
2.43232,0.81304,7706.0925
2.43232,0.85622,9269.1914
2.43232,0.90169,11288.8079
2.43232,0.94957,13957.8564
2.43232,1.00000,17587.1526
2.46658,0.01000,480.9537
2.46658,0.01053,480.9704
2.46658,0.01109,480.9901
2.46658,0.01168,481.0134
2.46658,0.01230,481.0407
2.46658,0.01295,481.0724
2.46658,0.01364,481.1093
2.46658,0.01436,481.1519
2.46658,0.01513,481.2009
2.46658,0.01593,481.2572
2.46658,0.01678,481.3217
2.46658,0.01767,481.3954
2.46658,0.01861,481.4794
2.46658,0.01959,481.5750
2.46658,0.02064,481.6836
2.46658,0.02173,481.8068
2.46658,0.02288,481.9463
2.46658,0.02410,482.1042
2.46658,0.02538,482.2827
2.46658,0.02673,482.4842
2.46658,0.02815,482.7115
2.46658,0.02964,482.9676
2.46658,0.03122,483.2561
2.46658,0.03287,483.5808
2.46658,0.03462,483.9460
2.46658,0.03646,484.3565
2.46658,0.03839,484.8178
2.46658,0.04043,485.3358
2.46658,0.04258,485.9174
2.46658,0.04484,486.5700
2.46658,0.04722,487.3023
2.46658,0.04973,488.1236
2.46658,0.05237,489.0445
2.46658,0.05515,490.0771
2.46658,0.05808,491.2347
2.46658,0.06117,492.5322
2.46658,0.06442,493.9865
2.46658,0.06784,495.6165
2.46658,0.07144,497.4434
2.46658,0.07523,499.4911
2.46658,0.07923,501.7864
2.46658,0.08344,504.3594
2.46658,0.08787,507.2443
2.46658,0.09253,510.4795
2.46658,0.09745,514.1080
2.46658,0.10262,518.1789
2.46658,0.10807,522.7473
2.46658,0.11381,527.8756
2.46658,0.11985,533.6345
2.46658,0.12622,540.1043
2.46658,0.13292,547.3758
2.46658,0.13998,555.5523
2.46658,0.14741,564.7514
2.46658,0.15524,575.1069
2.46658,0.16349,586.7718
2.46658,0.17217,599.9204
2.46658,0.18131,614.7526
2.46658,0.19094,631.4974
2.46658,0.20108,650.4179
2.46658,0.21176,671.8169
2.46658,0.22301,696.0437
2.46658,0.23485,723.5019
2.46658,0.24732,754.6594
2.46658,0.26045,790.0598
2.46658,0.27429,830.3360
2.46658,0.28885,876.2281
2.46658,0.30419,928.6031
2.46658,0.32035,988.4808
2.46658,0.33736,1057.0650
2.46658,0.35527,1135.7824
2.46658,0.37414,1226.3306
2.46658,0.39401,1330.7394
2.46658,0.41493,1451.4475
2.46658,0.43697,1591.4008
2.46658,0.46017,1754.1792
2.46658,0.48461,1944.1608
2.46658,0.51035,2166.7378
2.46658,0.53745,2428.6038
2.46658,0.56599,2738.1399
2.46658,0.59605,3105.9415
2.46658,0.62770,3545.5496
2.46658,0.66104,4074.4831
2.46658,0.69614,4715.7271
2.46658,0.73311,5499.9319
2.46658,0.77204,6468.7554
2.46658,0.81304,7680.1199
2.46658,0.85622,9216.8381
2.46658,0.90169,11201.5373
2.46658,0.94957,13824.2801
2.46658,1.00000,17391.8294
2.50131,0.01000,482.6477
2.50131,0.01053,482.7541
2.50131,0.01109,482.8683
2.50131,0.01168,482.9911
2.50131,0.01230,483.1231
2.50131,0.01295,483.2651
2.50131,0.01364,483.4180
2.50131,0.01436,483.5828
2.50131,0.01513,483.7605
2.50131,0.01593,483.9523
2.50131,0.01678,484.1593
2.50131,0.01767,484.3831
2.50131,0.01861,484.6251
2.50131,0.01959,484.8870
2.50131,0.02064,485.1707
2.50131,0.02173,485.4781
2.50131,0.02288,485.8116
2.50131,0.02410,486.1737
2.50131,0.02538,486.5669
2.50131,0.02673,486.9945
2.50131,0.02815,487.4597
2.50131,0.02964,487.9663
2.50131,0.03122,488.5183
2.50131,0.03287,489.1202
2.50131,0.03462,489.7771
2.50131,0.03646,490.4945
2.50131,0.03839,491.2786
2.50131,0.04043,492.1363
2.50131,0.04258,493.0752
2.50131,0.04484,494.1037
2.50131,0.04722,495.2312
2.50131,0.04973,496.4682
2.50131,0.05237,497.8263
2.50131,0.05515,499.3185
2.50131,0.05808,500.9593
2.50131,0.06117,502.7647
2.50131,0.06442,504.7530
2.50131,0.06784,506.9441
2.50131,0.07144,509.3605
2.50131,0.07523,512.0276
2.50131,0.07923,514.9735
2.50131,0.08344,518.2299
2.50131,0.08787,521.8322
2.50131,0.09253,525.8204
2.50131,0.09745,530.2393
2.50131,0.10262,535.1393
2.50131,0.10807,540.5773
2.50131,0.11381,546.6174
2.50131,0.11985,553.3319
2.50131,0.12622,560.8027
2.50131,0.13292,569.1223
2.50131,0.13998,578.3957
2.50131,0.14741,588.7420
2.50131,0.15524,600.2967
2.50131,0.16349,613.2138
2.50131,0.17217,627.6692
2.50131,0.18131,643.8638
2.50131,0.19094,662.0272
2.50131,0.20108,682.4232
2.50131,0.21176,705.3545
2.50131,0.22301,731.1700
2.50131,0.23485,760.2722
2.50131,0.24732,793.1270
2.50131,0.26045,830.2750
2.50131,0.27429,872.3452
2.50131,0.28885,920.0716
2.50131,0.30419,974.3137
2.50131,0.32035,1036.0812
2.50131,0.33736,1106.5650
2.50131,0.35527,1187.1747
2.50131,0.37414,1279.5869
2.50131,0.39401,1385.8040
2.50131,0.41493,1508.2303
2.50131,0.43697,1649.7680
2.50131,0.46017,1813.9415
2.50131,0.48461,2005.0585
2.50131,0.51035,2228.4214
2.50131,0.53745,2490.6089
2.50131,0.56599,2799.8543
2.50131,0.59605,3166.5618
2.50131,0.62770,3604.0227
2.50131,0.66104,4129.4272
2.50131,0.69614,4765.3232
2.50131,0.73311,5541.7712
2.50131,0.77204,6499.6215
2.50131,0.81304,7695.6703
2.50131,0.85622,9211.1249
2.50131,0.90169,11166.2612
2.50131,0.94957,13747.5742
2.50131,1.00000,17255.7255
2.53654,0.01000,484.1121
2.53654,0.01053,484.2961
2.53654,0.01109,484.4922
2.53654,0.01168,484.7011
2.53654,0.01230,484.9238
2.53654,0.01295,485.1613
2.53654,0.01364,485.4148
2.53654,0.01436,485.6855
2.53654,0.01513,485.9746
2.53654,0.01593,486.2838
2.53654,0.01678,486.6144
2.53654,0.01767,486.9683
2.53654,0.01861,487.3473
2.53654,0.01959,487.7535
2.53654,0.02064,488.1890
2.53654,0.02173,488.6564
2.53654,0.02288,489.1583
2.53654,0.02410,489.6975
2.53654,0.02538,490.2774
2.53654,0.02673,490.9014
2.53654,0.02815,491.5735
2.53654,0.02964,492.2977
2.53654,0.03122,493.0789
2.53654,0.03287,493.9220
2.53654,0.03462,494.8329
2.53654,0.03646,495.8176
2.53654,0.03839,496.8831
2.53654,0.04043,498.0370
2.53654,0.04258,499.2875
2.53654,0.04484,500.6440
2.53654,0.04722,502.1167
2.53654,0.04973,503.7170
2.53654,0.05237,505.4573
2.53654,0.05515,507.3518
2.53654,0.05808,509.4157
2.53654,0.06117,511.6664
2.53654,0.06442,514.1230
2.53654,0.06784,516.8068
2.53654,0.07144,519.7414
2.53654,0.07523,522.9535
2.53654,0.07923,526.4724
2.53654,0.08344,530.3313
2.53654,0.08787,534.5671
2.53654,0.09253,539.2211
2.53654,0.09745,544.3397
2.53654,0.10262,549.9749
2.53654,0.10807,556.1853
2.53654,0.11381,563.0365
2.53654,0.11985,570.6027
2.53654,0.12622,578.9675
2.53654,0.13292,588.2252
2.53654,0.13998,598.4826
2.53654,0.14741,609.8606
2.53654,0.15524,622.4965
2.53654,0.16349,636.5462
2.53654,0.17217,652.1872
2.53654,0.18131,669.6219
2.53654,0.19094,689.0816
2.53654,0.20108,710.8313
2.53654,0.21176,735.1748
2.53654,0.22301,762.4617
2.53654,0.23485,793.0948
2.53654,0.24732,827.5400
2.53654,0.26045,866.3367
2.53654,0.27429,910.1122
2.53654,0.28885,959.5977
2.53654,0.30419,1015.6484
2.53654,0.32035,1079.2679
2.53654,0.33736,1151.6386
2.53654,0.35527,1234.1593
2.53654,0.37414,1328.4916
2.53654,0.39401,1436.6186
2.53654,0.41493,1560.9195
2.53654,0.43697,1704.2640
2.53654,0.46017,1870.1339
2.53654,0.48461,2062.7822
2.53654,0.51035,2287.4404
2.53654,0.53745,2550.5944
2.53654,0.56599,2860.3565
2.53654,0.59605,3226.9716
2.53654,0.62770,3663.5200
2.53654,0.66104,4186.9099
2.53654,0.69614,4819.3078
2.53654,0.73311,5590.2531
2.53654,0.77204,6539.8730
2.53654,0.81304,7723.9449
2.53654,0.85622,9222.2150
2.53654,0.90169,11152.8295
2.53654,0.94957,13699.1487
2.53654,1.00000,17157.1301
2.57226,0.01000,485.0621
2.57226,0.01053,485.2965
2.57226,0.01109,485.5455
2.57226,0.01168,485.8101
2.57226,0.01230,486.0916
2.57226,0.01295,486.3909
2.57226,0.01364,486.7095
2.57226,0.01436,487.0487
2.57226,0.01513,487.4100
2.57226,0.01593,487.7950
2.57226,0.01678,488.2056
2.57226,0.01767,488.6437
2.57226,0.01861,489.1112
2.57226,0.01959,489.6106
2.57226,0.02064,490.1442
2.57226,0.02173,490.7149
2.57226,0.02288,491.3254
2.57226,0.02410,491.9791
2.57226,0.02538,492.6793
2.57226,0.02673,493.4300
2.57226,0.02815,494.2354
2.57226,0.02964,495.0999
2.57226,0.03122,496.0286
2.57226,0.03287,497.0271
2.57226,0.03462,498.1013
2.57226,0.03646,499.2579
2.57226,0.03839,500.5041
2.57226,0.04043,501.8481
2.57226,0.04258,503.2987
2.57226,0.04484,504.8655
2.57226,0.04722,506.5594
2.57226,0.04973,508.3922
2.57226,0.05237,510.3771
2.57226,0.05515,512.5285
2.57226,0.05808,514.8626
2.57226,0.06117,517.3972
2.57226,0.06442,520.1521
2.57226,0.06784,523.1493
2.57226,0.07144,526.4132
2.57226,0.07523,529.9709
2.57226,0.07923,533.8528
2.57226,0.08344,538.0927
2.57226,0.08787,542.7283
2.57226,0.09253,547.8018
2.57226,0.09745,553.3603
2.57226,0.10262,559.4567
2.57226,0.10807,566.1503
2.57226,0.11381,573.5077
2.57226,0.11985,581.6038
2.57226,0.12622,590.5231
2.57226,0.13292,600.3607
2.57226,0.13998,611.2240
2.57226,0.14741,623.2347
2.57226,0.15524,636.5305
2.57226,0.16349,651.2679
2.57226,0.17217,667.6247
2.57226,0.18131,685.8034
2.57226,0.19094,706.0354
2.57226,0.20108,728.5851
2.57226,0.21176,753.7556
2.57226,0.22301,781.8955
2.57226,0.23485,813.4057
2.57226,0.24732,848.7496
2.57226,0.26045,888.4635
2.57226,0.27429,933.1702
2.57226,0.28885,983.5954
2.57226,0.30419,1040.5867
2.57226,0.32035,1105.1386
2.57226,0.33736,1178.4216
2.57226,0.35527,1261.8193
2.57226,0.37414,1356.9742
2.57226,0.39401,1465.8454
2.57226,0.41493,1590.7813
2.57226,0.43697,1734.6127
2.57226,0.46017,1900.7723
2.57226,0.48461,2093.4500
2.57226,0.51035,2317.7964
2.57226,0.53745,2580.1934
2.57226,0.56599,2888.6179
2.57226,0.59605,3253.1381
2.57226,0.62770,3686.6013
2.57226,0.66104,4205.6048
2.57226,0.69614,4831.8973
2.57226,0.73311,5594.4483
2.57226,0.77204,6532.5992
2.57226,0.81304,7701.0310
2.57226,0.85622,9177.9493
2.57226,0.90169,11079.3515
2.57226,0.94957,13585.7753
2.57226,1.00000,16990.6541
2.60848,0.01000,485.3232
2.60848,0.01053,485.5711
2.60848,0.01109,485.8343
2.60848,0.01168,486.1139
2.60848,0.01230,486.4110
2.60848,0.01295,486.7268
2.60848,0.01364,487.0626
2.60848,0.01436,487.4199
2.60848,0.01513,487.8002
2.60848,0.01593,488.2051
2.60848,0.01678,488.6366
2.60848,0.01767,489.0965
2.60848,0.01861,489.5870
2.60848,0.01959,490.1104
2.60848,0.02064,490.6692
2.60848,0.02173,491.2662
2.60848,0.02288,491.9043
2.60848,0.02410,492.5868
2.60848,0.02538,493.3172
2.60848,0.02673,494.0994
2.60848,0.02815,494.9377
2.60848,0.02964,495.8366
2.60848,0.03122,496.8012
2.60848,0.03287,497.8371
2.60848,0.03462,498.9503
2.60848,0.03646,500.1475
2.60848,0.03839,501.4361
2.60848,0.04043,502.8240
2.60848,0.04258,504.3202
2.60848,0.04484,505.9343
2.60848,0.04722,507.6773
2.60848,0.04973,509.5609
2.60848,0.05237,511.5982
2.60848,0.05515,513.8038
2.60848,0.05808,516.1937
2.60848,0.06117,518.7856
2.60848,0.06442,521.5993
2.60848,0.06784,524.6566
2.60848,0.07144,527.9818
2.60848,0.07523,531.6019
2.60848,0.07923,535.5470
2.60848,0.08344,539.8506
2.60848,0.08787,544.5501
2.60848,0.09253,549.6873
2.60848,0.09745,555.3088
2.60848,0.10262,561.4670
2.60848,0.10807,568.2206
2.60848,0.11381,575.6353
2.60848,0.11985,583.7851
2.60848,0.12622,592.7534
2.60848,0.13292,602.6341
2.60848,0.13998,613.5331
2.60848,0.14741,625.5703
2.60848,0.15524,638.8816
2.60848,0.16349,653.6208
2.60848,0.17217,669.9631
2.60848,0.18131,688.1078
2.60848,0.19094,708.2823
2.60848,0.20108,730.7467
2.60848,0.21176,755.7989
2.60848,0.22301,783.7811
2.60848,0.23485,815.0872
2.60848,0.24732,850.1719
2.60848,0.26045,889.5615
2.60848,0.27429,933.8669
2.60848,0.28885,983.7994
2.60848,0.30419,1040.1900
2.60848,0.32035,1104.0129
2.60848,0.33736,1176.4144
2.60848,0.35527,1258.7491
2.60848,0.37414,1352.6244
2.60848,0.39401,1459.9569
2.60848,0.41493,1583.0430
2.60848,0.43697,1724.6498
2.60848,0.46017,1888.1316
2.60848,0.48461,2077.5806
2.60848,0.51035,2298.0254
2.60848,0.53745,2555.6938
2.60848,0.56599,2858.3666
2.60848,0.59605,3215.8597
2.60848,0.62770,3640.6919
2.60848,0.66104,4149.0276
2.60848,0.69614,4762.0356
2.60848,0.73311,5507.8961
2.60848,0.77204,6424.8540
2.60848,0.81304,7566.0308
2.60848,0.85622,9007.3530
2.60848,0.90169,10861.3780
2.60848,0.94957,13303.2668
2.60848,1.00000,16618.2938
2.64522,0.01000,484.8889
2.64522,0.01053,485.1131
2.64522,0.01109,485.3513
2.64522,0.01168,485.6045
2.64522,0.01230,485.8736
2.64522,0.01295,486.1599
2.64522,0.01364,486.4646
2.64522,0.01436,486.7890
2.64522,0.01513,487.1344
2.64522,0.01593,487.5026
2.64522,0.01678,487.8952
2.64522,0.01767,488.3139
2.64522,0.01861,488.7609
2.64522,0.01959,489.2382
2.64522,0.02064,489.7483
2.64522,0.02173,490.2936
2.64522,0.02288,490.8771
2.64522,0.02410,491.5017
2.64522,0.02538,492.1707
2.64522,0.02673,492.8879
2.64522,0.02815,493.6572
2.64522,0.02964,494.4830
2.64522,0.03122,495.3701
2.64522,0.03287,496.3236
2.64522,0.03462,497.3493
2.64522,0.03646,498.4537
2.64522,0.03839,499.6435
2.64522,0.04043,500.9265
2.64522,0.04258,502.3110
2.64522,0.04484,503.8064
2.64522,0.04722,505.4229
2.64522,0.04973,507.1718
2.64522,0.05237,509.0655
2.64522,0.05515,511.1179
2.64522,0.05808,513.3443
2.64522,0.06117,515.7617
2.64522,0.06442,518.3889
2.64522,0.06784,521.2468
2.64522,0.07144,524.3586
2.64522,0.07523,527.7501
2.64522,0.07923,531.4503
2.64522,0.08344,535.4912
2.64522,0.08787,539.9086
2.64522,0.09253,544.7427
2.64522,0.09745,550.0382
2.64522,0.10262,555.8455
2.64522,0.10807,562.2209
2.64522,0.11381,569.2276
2.64522,0.11985,576.9368
2.64522,0.12622,585.4287
2.64522,0.13292,594.7936
2.64522,0.13998,605.1336
2.64522,0.14741,616.5641
2.64522,0.15524,629.2159
2.64522,0.16349,643.2375
2.64522,0.17217,658.7977
2.64522,0.18131,676.0885
2.64522,0.19094,695.3295
2.64522,0.20108,716.7713
2.64522,0.21176,740.7016
2.64522,0.22301,767.4506
2.64522,0.23485,797.3985
2.64522,0.24732,830.9842
2.64522,0.26045,868.7160
2.64522,0.27429,911.1836
2.64522,0.28885,959.0742
2.64522,0.30419,1013.1902
2.64522,0.32035,1074.4725
2.64522,0.33736,1144.0285
2.64522,0.35527,1223.1665
2.64522,0.37414,1313.4390
2.64522,0.39401,1416.6971
2.64522,0.41493,1535.1586
2.64522,0.43697,1671.4957
2.64522,0.46017,1828.9467
2.64522,0.48461,2011.4620
2.64522,0.51035,2223.8947
2.64522,0.53745,2472.2535
2.64522,0.56599,2764.0427
2.64522,0.59605,3108.7254
2.64522,0.62770,3518.3638
2.64522,0.66104,4008.5231
2.64522,0.69614,4599.5709
2.64522,0.73311,5318.5941
2.64522,0.77204,6202.3074
2.64522,0.81304,7301.6236
2.64522,0.85622,8689.1520
2.64522,0.90169,10472.1996
2.64522,0.94957,12816.9830
2.64522,1.00000,15992.4765
2.68247,0.01000,483.9183
2.68247,0.01053,484.0902
2.68247,0.01109,484.2731
2.68247,0.01168,484.4680
2.68247,0.01230,484.6757
2.68247,0.01295,484.8971
2.68247,0.01364,485.1333
2.68247,0.01436,485.3855
2.68247,0.01513,485.6547
2.68247,0.01593,485.9424
2.68247,0.01678,486.2500
2.68247,0.01767,486.5790
2.68247,0.01861,486.9312
2.68247,0.01959,487.3085
2.68247,0.02064,487.7129
2.68247,0.02173,488.1465
2.68247,0.02288,488.6120
2.68247,0.02410,489.1119
2.68247,0.02538,489.6491
2.68247,0.02673,490.2270
2.68247,0.02815,490.8489
2.68247,0.02964,491.5188
2.68247,0.03122,492.2409
2.68247,0.03287,493.0199
2.68247,0.03462,493.8609
2.68247,0.03646,494.7696
2.68247,0.03839,495.7523
2.68247,0.04043,496.8158
2.68247,0.04258,497.9678
2.68247,0.04484,499.2167
2.68247,0.04722,500.5717
2.68247,0.04973,502.0432
2.68247,0.05237,503.6426
2.68247,0.05515,505.3826
2.68247,0.05808,507.2771
2.68247,0.06117,509.3418
2.68247,0.06442,511.5941
2.68247,0.06784,514.0532
2.68247,0.07144,516.7406
2.68247,0.07523,519.6803
2.68247,0.07923,522.8990
2.68247,0.08344,526.4267
2.68247,0.08787,530.2967
2.68247,0.09253,534.5464
2.68247,0.09745,539.2177
2.68247,0.10262,544.3577
2.68247,0.10807,550.0191
2.68247,0.11381,556.2614
2.68247,0.11985,563.1514
2.68247,0.12622,570.7646
2.68247,0.13292,579.1860
2.68247,0.13998,588.5119
2.68247,0.14741,598.8512
2.68247,0.15524,610.3277
2.68247,0.16349,623.0816
2.68247,0.17217,637.2728
2.68247,0.18131,653.0835
2.68247,0.19094,670.7215
2.68247,0.20108,690.4251
2.68247,0.21176,712.4672
2.68247,0.22301,737.1618
2.68247,0.23485,764.8704
2.68247,0.24732,796.0109
2.68247,0.26045,831.0669
2.68247,0.27429,870.6006
2.68247,0.28885,915.2665
2.68247,0.30419,965.8299
2.68247,0.32035,1023.1883
2.68247,0.33736,1088.3981
2.68247,0.35527,1162.7080
2.68247,0.37414,1247.6002
2.68247,0.39401,1344.8419
2.68247,0.41493,1456.5510
2.68247,0.43697,1585.2792
2.68247,0.46017,1734.1192
2.68247,0.48461,1906.8432
2.68247,0.51035,2108.0846
2.68247,0.53745,2343.5791
2.68247,0.56599,2620.4875
2.68247,0.59605,2947.8354
2.68247,0.62770,3337.1208
2.68247,0.66104,3803.1693
2.68247,0.69614,4365.3619
2.68247,0.73311,5049.4413
2.68247,0.77204,5890.2457
2.68247,0.81304,6935.9881
2.68247,0.85622,8255.2492
2.68247,0.90169,9949.0390
2.68247,0.94957,12173.1326
2.68247,1.00000,15178.6636
2.72024,0.01000,482.6780
2.72024,0.01053,482.7831
2.72024,0.01109,482.8955
2.72024,0.01168,483.0161
2.72024,0.01230,483.1454
2.72024,0.01295,483.2841
2.72024,0.01364,483.4331
2.72024,0.01436,483.5931
2.72024,0.01513,483.7652
2.72024,0.01593,483.9503
2.72024,0.01678,484.1497
2.72024,0.01767,484.3645
2.72024,0.01861,484.5961
2.72024,0.01959,484.8460
2.72024,0.02064,485.1159
2.72024,0.02173,485.4075
2.72024,0.02288,485.7229
2.72024,0.02410,486.0643
2.72024,0.02538,486.4341
2.72024,0.02673,486.8349
2.72024,0.02815,487.2696
2.72024,0.02964,487.7417
2.72024,0.03122,488.2545
2.72024,0.03287,488.8122
2.72024,0.03462,489.4191
2.72024,0.03646,490.0800
2.72024,0.03839,490.8004
2.72024,0.04043,491.5862
2.72024,0.04258,492.4440
2.72024,0.04484,493.3812
2.72024,0.04722,494.4060
2.72024,0.04973,495.5273
2.72024,0.05237,496.7554
2.72024,0.05515,498.1013
2.72024,0.05808,499.5777
2.72024,0.06117,501.1985
2.72024,0.06442,502.9791
2.72024,0.06784,504.9370
2.72024,0.07144,507.0915
2.72024,0.07523,509.4643
2.72024,0.07923,512.0796
2.72024,0.08344,514.9647
2.72024,0.08787,518.1499
2.72024,0.09253,521.6694
2.72024,0.09745,525.5615
2.72024,0.10262,529.8695
2.72024,0.10807,534.6420
2.72024,0.11381,539.9335
2.72024,0.11985,545.8060
2.72024,0.12622,552.3290
2.72024,0.13292,559.5816
2.72024,0.13998,567.6530
2.72024,0.14741,576.6446
2.72024,0.15524,586.6713
2.72024,0.16349,597.8642
2.72024,0.17217,610.3724
2.72024,0.18131,624.3661
2.72024,0.19094,640.0400
2.72024,0.20108,657.6171
2.72024,0.21176,677.3536
2.72024,0.22301,699.5440
2.72024,0.23485,724.5283
2.72024,0.24732,752.6992
2.72024,0.26045,784.5121
2.72024,0.27429,820.4963
2.72024,0.28885,861.2687
2.72024,0.30419,907.5511
2.72024,0.32035,960.1901
2.72024,0.33736,1020.1831
2.72024,0.35527,1088.7091
2.72024,0.37414,1167.1682
2.72024,0.39401,1257.2300
2.72024,0.41493,1360.8960
2.72024,0.43697,1480.5777
2.72024,0.46017,1619.1976
2.72024,0.48461,1780.3202
2.72024,0.51035,1968.3226
2.72024,0.53745,2188.6213
2.72024,0.56599,2447.9752
2.72024,0.59605,2754.8977
2.72024,0.62770,3120.2246
2.72024,0.66104,3557.9120
2.72024,0.69614,4086.1786
2.72024,0.73311,4729.1796
2.72024,0.77204,5519.5303
2.72024,0.81304,6502.2351
2.72024,0.85622,7741.0662
2.72024,0.90169,9329.4759
2.72024,0.94957,11410.5970
2.72024,1.00000,14213.3799
2.75855,0.01000,481.4543
2.75855,0.01053,481.4933
2.75855,0.01109,481.5361
2.75855,0.01168,481.5832
2.75855,0.01230,481.6350
2.75855,0.01295,481.6919
2.75855,0.01364,481.7546
2.75855,0.01436,481.8235
2.75855,0.01513,481.8995
2.75855,0.01593,481.9831
2.75855,0.01678,482.0754
2.75855,0.01767,482.1771
2.75855,0.01861,482.2892
2.75855,0.01959,482.4130
2.75855,0.02064,482.5496
2.75855,0.02173,482.7005
2.75855,0.02288,482.8671
2.75855,0.02410,483.0512
2.75855,0.02538,483.2548
2.75855,0.02673,483.4799
2.75855,0.02815,483.7288
2.75855,0.02964,484.0043
2.75855,0.03122,484.3093
2.75855,0.03287,484.6469
2.75855,0.03462,485.0209
2.75855,0.03646,485.4352
2.75855,0.03839,485.8944
2.75855,0.04043,486.4035
2.75855,0.04258,486.9681
2.75855,0.04484,487.5945
2.75855,0.04722,488.2896
2.75855,0.04973,489.0612
2.75855,0.05237,489.9182
2.75855,0.05515,490.8702
2.75855,0.05808,491.9281
2.75855,0.06117,493.1041
2.75855,0.06442,494.4120
2.75855,0.06784,495.8671
2.75855,0.07144,497.4864
2.75855,0.07523,499.2894
2.75855,0.07923,501.2976
2.75855,0.08344,503.5354
2.75855,0.08787,506.0301
2.75855,0.09253,508.8125
2.75855,0.09745,511.9172
2.75855,0.10262,515.3834
2.75855,0.10807,519.2551
2.75855,0.11381,523.5821
2.75855,0.11985,528.4208
2.75855,0.12622,533.8348
2.75855,0.13292,539.8963
2.75855,0.13998,546.6874
2.75855,0.14741,554.3012
2.75855,0.15524,562.8434
2.75855,0.16349,572.4349
2.75855,0.17217,583.2133
2.75855,0.18131,595.3360
2.75855,0.19094,608.9833
2.75855,0.20108,624.3618
2.75855,0.21176,641.7092
2.75855,0.22301,661.2992
2.75855,0.23485,683.4477
2.75855,0.24732,708.5202
2.75855,0.26045,736.9408
2.75855,0.27429,769.2028
2.75855,0.28885,805.8816
2.75855,0.30419,847.6504
2.75855,0.32035,895.2996
2.75855,0.33736,949.7606
2.75855,0.35527,1012.1349
2.75855,0.37414,1083.7304
2.75855,0.39401,1166.1074
2.75855,0.41493,1261.1362
2.75855,0.43697,1371.0699
2.75855,0.46017,1498.6386
2.75855,0.48461,1647.1710
2.75855,0.51035,1820.7523
2.75855,0.53745,2024.4348
2.75855,0.56599,2264.5171
2.75855,0.59605,2548.9239
2.75855,0.62770,2887.7278
2.75855,0.66104,3293.8794
2.75855,0.69614,3784.2470
2.75855,0.73311,4381.1341
2.75855,0.77204,5114.5486
2.75855,0.81304,6025.7058
2.75855,0.85622,7172.6470
2.75855,0.90169,8639.6907
2.75855,0.94957,10554.3284
2.75855,1.00000,13116.5076
2.79740,0.01000,480.4704
2.79740,0.01053,480.4561
2.79740,0.01109,480.4428
2.79740,0.01168,480.4305
2.79740,0.01230,480.4196
2.79740,0.01295,480.4105
2.79740,0.01364,480.4033
2.79740,0.01436,480.3986
2.79740,0.01513,480.3967
2.79740,0.01593,480.3982
2.79740,0.01678,480.4036
2.79740,0.01767,480.4136
2.79740,0.01861,480.4289
2.79740,0.01959,480.4502
2.79740,0.02064,480.4786
2.79740,0.02173,480.5149
2.79740,0.02288,480.5605
2.79740,0.02410,480.6167
2.79740,0.02538,480.6848
2.79740,0.02673,480.7665
2.79740,0.02815,480.8638
2.79740,0.02964,480.9786
2.79740,0.03122,481.1135
2.79740,0.03287,481.2709
2.79740,0.03462,481.4539
2.79740,0.03646,481.6658
2.79740,0.03839,481.9104
2.79740,0.04043,482.1918
2.79740,0.04258,482.5149
2.79740,0.04484,482.8848
2.79740,0.04722,483.3075
2.79740,0.04973,483.7899
2.79740,0.05237,484.3392
2.79740,0.05515,484.9641
2.79740,0.05808,485.6740
2.79740,0.06117,486.4796
2.79740,0.06442,487.3928
2.79740,0.06784,488.4273
2.79740,0.07144,489.5981
2.79740,0.07523,490.9225
2.79740,0.07923,492.4197
2.79740,0.08344,494.1114
2.79740,0.08787,496.0221
2.79740,0.09253,498.1796
2.79740,0.09745,500.6150
2.79740,0.10262,503.3636
2.79740,0.10807,506.4654
2.79740,0.11381,509.9656
2.79740,0.11985,513.9154
2.79740,0.12622,518.3728
2.79740,0.13292,523.4038
2.79740,0.13998,529.0834
2.79740,0.14741,535.4968
2.79740,0.15524,542.7411
2.79740,0.16349,550.9274
2.79740,0.17217,560.1822
2.79740,0.18131,570.6505
2.79740,0.19094,582.4985
2.79740,0.20108,595.9171
2.79740,0.21176,611.1258
2.79740,0.22301,628.3777
2.79740,0.23485,647.9652
2.79740,0.24732,670.2270
2.79740,0.26045,695.5559
2.79740,0.27429,724.4095
2.79740,0.28885,757.3215
2.79740,0.30419,794.9168
2.79740,0.32035,837.9293
2.79740,0.33736,887.2237
2.79740,0.35527,943.8228
2.79740,0.37414,1008.9416
2.79740,0.39401,1084.0289
2.79740,0.41493,1170.8211
2.79740,0.43697,1271.4093
2.79740,0.46017,1388.3264
2.79740,0.48461,1524.6585
2.79740,0.51035,1684.1902
2.79740,0.53745,1871.5975
2.79740,0.56599,2092.7026
2.79740,0.59605,2354.8200
2.79740,0.62770,2667.2299
2.79740,0.66104,3041.8366
2.79740,0.69614,3494.1032
2.79740,0.73311,4044.4043
2.79740,0.77204,4720.0324
2.79740,0.81304,5558.2629
2.79740,0.85622,6611.1985
2.79740,0.90169,7953.7625
2.79740,0.94957,9697.6007
2.79740,1.00000,12014.1904
2.83679,0.01000,479.8356
2.83679,0.01053,479.7868
2.83679,0.01109,479.7369
2.83679,0.01168,479.6861
2.83679,0.01230,479.6345
2.83679,0.01295,479.5823
2.83679,0.01364,479.5298
2.83679,0.01436,479.4770
2.83679,0.01513,479.4244
2.83679,0.01593,479.3723
2.83679,0.01678,479.3210
2.83679,0.01767,479.2710
2.83679,0.01861,479.2228
2.83679,0.01959,479.1770
2.83679,0.02064,479.1343
2.83679,0.02173,479.0956
2.83679,0.02288,479.0616
2.83679,0.02410,479.0334
2.83679,0.02538,479.0123
2.83679,0.02673,478.9994
2.83679,0.02815,478.9964
2.83679,0.02964,479.0050
2.83679,0.03122,479.0271
2.83679,0.03287,479.0649
2.83679,0.03462,479.1209
2.83679,0.03646,479.1980
2.83679,0.03839,479.2993
2.83679,0.04043,479.4285
2.83679,0.04258,479.5897
2.83679,0.04484,479.7874
2.83679,0.04722,480.0269
2.83679,0.04973,480.3141
2.83679,0.05237,480.6555
2.83679,0.05515,481.0588
2.83679,0.05808,481.5323
2.83679,0.06117,482.0855
2.83679,0.06442,482.7293
2.83679,0.06784,483.4757
2.83679,0.07144,484.3385
2.83679,0.07523,485.3331
2.83679,0.07923,486.4771
2.83679,0.08344,487.7901
2.83679,0.08787,489.2946
2.83679,0.09253,491.0157
2.83679,0.09745,492.9821
2.83679,0.10262,495.2261
2.83679,0.10807,497.7845
2.83679,0.11381,500.6987
2.83679,0.11985,504.0159
2.83679,0.12622,507.7898
2.83679,0.13292,512.0814
2.83679,0.13998,516.9599
2.83679,0.14741,522.5043
2.83679,0.15524,528.8049
2.83679,0.16349,535.9644
2.83679,0.17217,544.1008
2.83679,0.18131,553.3488
2.83679,0.19094,563.8631
2.83679,0.20108,575.8216
2.83679,0.21176,589.4289
2.83679,0.22301,604.9212
2.83679,0.23485,622.5712
2.83679,0.24732,642.6953
2.83679,0.26045,665.6604
2.83679,0.27429,691.8941
2.83679,0.28885,721.8951
2.83679,0.30419,756.2478
2.83679,0.32035,795.6380
2.83679,0.33736,840.8744
2.83679,0.35527,892.9133
2.83679,0.37414,952.8902
2.83679,0.39401,1022.1592
2.83679,0.41493,1102.3425
2.83679,0.43697,1195.3930
2.83679,0.46017,1303.6746
2.83679,0.48461,1430.0657
2.83679,0.51035,1578.0931
2.83679,0.53745,1752.1098
2.83679,0.56599,1957.5289
2.83679,0.59605,2201.1412
2.83679,0.62770,2491.5463
2.83679,0.66104,2839.7517
2.83679,0.69614,3260.0172
2.83679,0.73311,3771.0699
2.83679,0.77204,4397.8927
2.83679,0.81304,5174.4270
2.83679,0.85622,6147.7900
2.83679,0.90169,7385.1084
2.83679,0.94957,8985.1021
2.83679,1.00000,11096.6650
2.87674,0.01000,479.5421
2.87674,0.01053,479.4770
2.87674,0.01109,479.4100
2.87674,0.01168,479.3411
2.87674,0.01230,479.2703
2.87674,0.01295,479.1978
2.87674,0.01364,479.1238
2.87674,0.01436,479.0483
2.87674,0.01513,478.9716
2.87674,0.01593,478.8939
2.87674,0.01678,478.8156
2.87674,0.01767,478.7370
2.87674,0.01861,478.6585
2.87674,0.01959,478.5805
2.87674,0.02064,478.5037
2.87674,0.02173,478.4287
2.87674,0.02288,478.3563
2.87674,0.02410,478.2873
2.87674,0.02538,478.2228
2.87674,0.02673,478.1638
2.87674,0.02815,478.1118
2.87674,0.02964,478.0683
2.87674,0.03122,478.0349
2.87674,0.03287,478.0136
2.87674,0.03462,478.0066
2.87674,0.03646,478.0166
2.87674,0.03839,478.0464
2.87674,0.04043,478.0993
2.87674,0.04258,478.1789
2.87674,0.04484,478.2895
2.87674,0.04722,478.4359
2.87674,0.04973,478.6234
2.87674,0.05237,478.8582
2.87674,0.05515,479.1472
2.87674,0.05808,479.4982
2.87674,0.06117,479.9199
2.87674,0.06442,480.4225
2.87674,0.06784,481.0172
2.87674,0.07144,481.7167
2.87674,0.07523,482.5356
2.87674,0.07923,483.4902
2.87674,0.08344,484.5989
2.87674,0.08787,485.8828
2.87674,0.09253,487.3655
2.87674,0.09745,489.0739
2.87674,0.10262,491.0384
2.87674,0.10807,493.2936
2.87674,0.11381,495.8787
2.87674,0.11985,498.8382
2.87674,0.12622,502.2228
2.87674,0.13292,506.0899
2.87674,0.13998,510.5053
2.87674,0.14741,515.5437
2.87674,0.15524,521.2904
2.87674,0.16349,527.8429
2.87674,0.17217,535.3130
2.87674,0.18131,543.8284
2.87674,0.19094,553.5359
2.87674,0.20108,564.6043
2.87674,0.21176,577.2279
2.87674,0.22301,591.6309
2.87674,0.23485,608.0726
2.87674,0.24732,626.8533
2.87674,0.26045,648.3219
2.87674,0.27429,672.8846
2.87674,0.28885,701.0155
2.87674,0.30419,733.2698
2.87674,0.32035,770.2997
2.87674,0.33736,812.8736
2.87674,0.35527,861.9001
2.87674,0.37414,918.4582
2.87674,0.39401,983.8342
2.87674,0.41493,1059.5685
2.87674,0.43697,1147.5152
2.87674,0.46017,1249.9171
2.87674,0.48461,1369.5041
2.87674,0.51035,1509.6191
2.87674,0.53745,1674.3843
2.87674,0.56599,1868.9224
2.87674,0.59605,2099.6521
2.87674,0.62770,2374.6923
2.87674,0.66104,2704.4197
2.87674,0.69614,3102.2530
2.87674,0.73311,3585.7764
2.87674,0.77204,4178.3844
2.87674,0.81304,4911.7535
2.87674,0.85622,5829.6637
2.87674,0.90169,6994.1232
2.87674,0.94957,8495.5844
2.87674,1.00000,10469.0709
2.91726,0.01000,479.5090
2.91726,0.01053,479.4417
2.91726,0.01109,479.3723
2.91726,0.01168,479.3008
2.91726,0.01230,479.2273
2.91726,0.01295,479.1519
2.91726,0.01364,479.0746
2.91726,0.01436,478.9957
2.91726,0.01513,478.9152
2.91726,0.01593,478.8335
2.91726,0.01678,478.7509
2.91726,0.01767,478.6675
2.91726,0.01861,478.5838
2.91726,0.01959,478.5003
2.91726,0.02064,478.4175
2.91726,0.02173,478.3360
2.91726,0.02288,478.2564
2.91726,0.02410,478.1797
2.91726,0.02538,478.1068
2.91726,0.02673,478.0386
2.91726,0.02815,477.9766
2.91726,0.02964,477.9222
2.91726,0.03122,477.8768
2.91726,0.03287,477.8425
2.91726,0.03462,477.8214
2.91726,0.03646,477.8158
2.91726,0.03839,477.8286
2.91726,0.04043,477.8628
2.91726,0.04258,477.9219
2.91726,0.04484,478.0101
2.91726,0.04722,478.1319
2.91726,0.04973,478.2923
2.91726,0.05237,478.4974
2.91726,0.05515,478.7536
2.91726,0.05808,479.0684
2.91726,0.06117,479.4505
2.91726,0.06442,479.9092
2.91726,0.06784,480.4555
2.91726,0.07144,481.1016
2.91726,0.07523,481.8615
2.91726,0.07923,482.7508
2.91726,0.08344,483.7872
2.91726,0.08787,484.9911
2.91726,0.09253,486.3850
2.91726,0.09745,487.9950
2.91726,0.10262,489.8503
2.91726,0.10807,491.9841
2.91726,0.11381,494.4342
2.91726,0.11985,497.2436
2.91726,0.12622,500.4608
2.91726,0.13292,504.1415
2.91726,0.13998,508.3488
2.91726,0.14741,513.1547
2.91726,0.15524,518.6416
2.91726,0.16349,524.9034
2.91726,0.17217,532.0477
2.91726,0.18131,540.1978
2.91726,0.19094,549.4953
2.91726,0.20108,560.1027
2.91726,0.21176,572.2076
2.91726,0.22301,586.0260
2.91726,0.23485,601.8080
2.91726,0.24732,619.8432
2.91726,0.26045,640.4679
2.91726,0.27429,664.0738
2.91726,0.28885,691.1182
2.91726,0.30419,722.1363
2.91726,0.32035,757.7567
2.91726,0.33736,798.7203
2.91726,0.35527,845.9029
2.91726,0.37414,900.3444
2.91726,0.39401,963.2842
2.91726,0.41493,1036.2067
2.91726,0.43697,1120.8977
2.91726,0.46017,1219.5174
2.91726,0.48461,1334.6942
2.91726,0.51035,1469.6459
2.91726,0.53745,1628.3392
2.91726,0.56599,1815.7016
2.91726,0.59605,2037.9047
2.91726,0.62770,2302.7512
2.91726,0.66104,2620.2077
2.91726,0.69614,3003.1545
2.91726,0.73311,3468.4569
2.91726,0.77204,4038.5334
2.91726,0.81304,4743.7059
2.91726,0.85622,5625.8279
2.91726,0.90169,6744.0844
2.91726,0.94957,8184.6405
2.91726,1.00000,10075.9816
2.95834,0.01000,479.6475
2.95834,0.01053,479.5872
2.95834,0.01109,479.5251
2.95834,0.01168,479.4612
2.95834,0.01230,479.3957
2.95834,0.01295,479.3287
2.95834,0.01364,479.2601
2.95834,0.01436,479.1904
2.95834,0.01513,479.1195
2.95834,0.01593,479.0478
2.95834,0.01678,478.9755
2.95834,0.01767,478.9030
2.95834,0.01861,478.8307
2.95834,0.01959,478.7590
2.95834,0.02064,478.6884
2.95834,0.02173,478.6196
2.95834,0.02288,478.5533
2.95834,0.02410,478.4904
2.95834,0.02538,478.4317
2.95834,0.02673,478.3783
2.95834,0.02815,478.3316
2.95834,0.02964,478.2929
2.95834,0.03122,478.2638
2.95834,0.03287,478.2463
2.95834,0.03462,478.2423
2.95834,0.03646,478.2544
2.95834,0.03839,478.2852
2.95834,0.04043,478.3378
2.95834,0.04258,478.4156
2.95834,0.04484,478.5228
2.95834,0.04722,478.6636
2.95834,0.04973,478.8433
2.95834,0.05237,479.0676
2.95834,0.05515,479.3428
2.95834,0.05808,479.6765
2.95834,0.06117,480.0768
2.95834,0.06442,480.5532
2.95834,0.06784,481.1163
2.95834,0.07144,481.7780
2.95834,0.07523,482.5521
2.95834,0.07923,483.4537
2.95834,0.08344,484.5003
2.95834,0.08787,485.7115
2.95834,0.09253,487.1096
2.95834,0.09745,488.7199
2.95834,0.10262,490.5708
2.95834,0.10807,492.6949
2.95834,0.11381,495.1288
2.95834,0.11985,497.9145
2.95834,0.12622,501.0994
2.95834,0.13292,504.7375
2.95834,0.13998,508.8903
2.95834,0.14741,513.6280
2.95834,0.15524,519.0307
2.95834,0.16349,525.1898
2.95834,0.17217,532.2100
2.95834,0.18131,540.2112
2.95834,0.19094,549.3311
2.95834,0.20108,559.7278
2.95834,0.21176,571.5835
2.95834,0.22301,585.1083
2.95834,0.23485,600.5453
2.95834,0.24732,618.1759
2.95834,0.26045,638.3270
2.95834,0.27429,661.3791
2.95834,0.28885,687.7763
2.95834,0.30419,718.0388
2.95834,0.32035,752.7771
2.95834,0.33736,792.7106
2.95834,0.35527,838.6902
2.95834,0.37414,891.7254
2.95834,0.39401,953.0201
2.95834,0.41493,1024.0152
2.95834,0.43697,1106.4449
2.95834,0.46017,1202.4066
2.95834,0.48461,1314.4519
2.95834,0.51035,1445.7049
2.95834,0.53745,1600.0167
2.95834,0.56599,1782.1710
2.95834,0.59605,1998.1595
2.95834,0.62770,2255.5576
2.95834,0.66104,2564.0425
2.95834,0.69614,2936.1209
2.95834,0.73311,3388.1718
2.95834,0.77204,3941.9709
2.95834,0.81304,4626.9789
2.95834,0.85622,5483.8766
2.95834,0.90169,6570.2243
2.95834,0.94957,7969.8975
2.95834,1.00000,9808.1642
3.00000,0.01000,479.9036
3.00000,0.01053,479.8566
3.00000,0.01109,479.8084
3.00000,0.01168,479.7593
3.00000,0.01230,479.7091
3.00000,0.01295,479.6582
3.00000,0.01364,479.6067
3.00000,0.01436,479.5547
3.00000,0.01513,479.5025
3.00000,0.01593,479.4504
3.00000,0.01678,479.3987
3.00000,0.01767,479.3478
3.00000,0.01861,479.2981
3.00000,0.01959,479.2501
3.00000,0.02064,479.2044
3.00000,0.02173,479.1616
3.00000,0.02288,479.1226
3.00000,0.02410,479.0881
3.00000,0.02538,479.0593
3.00000,0.02673,479.0372
3.00000,0.02815,479.0231
3.00000,0.02964,479.0185
3.00000,0.03122,479.0250
3.00000,0.03287,479.0447
3.00000,0.03462,479.0796
3.00000,0.03646,479.1321
3.00000,0.03839,479.2050
3.00000,0.04043,479.3015
3.00000,0.04258,479.4250
3.00000,0.04484,479.5796
3.00000,0.04722,479.7698
3.00000,0.04973,480.0005
3.00000,0.05237,480.2777
3.00000,0.05515,480.6077
3.00000,0.05808,480.9980
3.00000,0.06117,481.4566
3.00000,0.06442,481.9931
3.00000,0.06784,482.6179
3.00000,0.07144,483.3430
3.00000,0.07523,484.1817
3.00000,0.07923,485.1493
3.00000,0.08344,486.2629
3.00000,0.08787,487.5419
3.00000,0.09253,489.0084
3.00000,0.09745,490.6872
3.00000,0.10262,492.6064
3.00000,0.10807,494.7980
3.00000,0.11381,497.2981
3.00000,0.11985,500.1478
3.00000,0.12622,503.3938
3.00000,0.13292,507.0891
3.00000,0.13998,511.2941
3.00000,0.14741,516.0776
3.00000,0.15524,521.5180
3.00000,0.16349,527.7051
3.00000,0.17217,534.7413
3.00000,0.18131,542.7441
3.00000,0.19094,551.8481
3.00000,0.20108,562.2082
3.00000,0.21176,574.0025
3.00000,0.22301,587.4365
3.00000,0.23485,602.7478
3.00000,0.24732,620.2115
3.00000,0.26045,640.1469
3.00000,0.27429,662.9258
3.00000,0.28885,688.9821
3.00000,0.30419,718.8237
3.00000,0.32035,753.0467
3.00000,0.33736,792.3536
3.00000,0.35527,837.5750
3.00000,0.37414,889.6964
3.00000,0.39401,949.8927
3.00000,0.41493,1019.5707
3.00000,0.43697,1100.4225
3.00000,0.46017,1194.4955
3.00000,0.48461,1304.2800
3.00000,0.51035,1432.8254
3.00000,0.53745,1583.8908
3.00000,0.56599,1762.1462
3.00000,0.59605,1973.4419
3.00000,0.62770,2225.1754
3.00000,0.66104,2526.7991
3.00000,0.69614,2890.5326
3.00000,0.73311,3332.3845
3.00000,0.77204,3873.6476
3.00000,0.81304,4543.1451
3.00000,0.85622,5380.7059
3.00000,0.90169,6442.7360
3.00000,0.94957,7811.5224
3.00000,1.00000,9609.8994
