0.01000,0.00100,115.5159
0.01000,0.00119,115.7134
0.01000,0.00143,115.9547
0.01000,0.00171,116.2508
0.01000,0.00204,116.6155
0.01000,0.00244,117.0669
0.01000,0.00291,117.6288
0.01000,0.00348,118.3322
0.01000,0.00416,119.2185
0.01000,0.00497,120.3433
0.01000,0.00594,121.7814
0.01000,0.00709,123.6347
0.01000,0.00848,126.0425
0.01000,0.01013,129.1974
0.01000,0.01210,133.3663
0.01000,0.01446,138.9223
0.01000,0.01728,146.3894
0.01000,0.02065,156.5079
0.01000,0.02468,170.3297
0.01000,0.02949,189.3578
0.01000,0.03524,215.7523
0.01000,0.04211,252.6368
0.01000,0.05032,304.5583
0.01000,0.06013,378.1849
0.01000,0.07186,483.3772
0.01000,0.08587,634.8568
0.01000,0.10261,854.8503
0.01000,0.12261,1177.3620
0.01000,0.14651,1655.2436
0.01000,0.17508,2372.2252
0.01000,0.20921,3464.0820
0.01000,0.25000,5157.4104
0.01072,0.00100,115.4914
0.01072,0.00119,115.6843
0.01072,0.00143,115.9203
0.01072,0.00171,116.2102
0.01072,0.00204,116.5676
0.01072,0.00244,117.0107
0.01072,0.00291,117.5630
0.01072,0.00348,118.2557
0.01072,0.00416,119.1300
0.01072,0.00497,120.2417
0.01072,0.00594,121.6659
0.01072,0.00709,123.5050
0.01072,0.00848,125.8998
0.01072,0.01013,129.0443
0.01072,0.01210,133.2086
0.01072,0.01446,138.7701
0.01072,0.01728,146.2599
0.01072,0.02065,156.4288
0.01072,0.02468,170.3447
0.01072,0.02949,189.5350
0.01072,0.03524,216.1963
0.01072,0.04211,253.5073
0.01072,0.05032,306.0988
0.01072,0.06013,380.7660
0.01072,0.07186,487.5645
0.01072,0.08587,641.5177
0.01072,0.10261,865.3245
0.01072,0.12261,1193.7396
0.01072,0.14651,1680.8287
0.01072,0.17508,2412.3291
0.01072,0.20921,3527.4271
0.01072,0.25000,5258.7094
0.01149,0.00100,115.4240
0.01149,0.00119,115.6041
0.01149,0.00143,115.8248
0.01149,0.00171,116.0965
0.01149,0.00204,116.4326
0.01149,0.00244,116.8504
0.01149,0.00291,117.3729
0.01149,0.00348,118.0306
0.01149,0.00416,118.8642
0.01149,0.00497,119.9284
0.01149,0.00594,121.2978
0.01149,0.00709,123.0742
0.01149,0.00848,125.3978
0.01149,0.01013,128.4629
0.01149,0.01210,132.5404
0.01149,0.01446,138.0097
0.01149,0.01728,145.4059
0.01149,0.02065,155.4872
0.01149,0.02468,169.3335
0.01149,0.02949,188.4913
0.01149,0.03524,215.1877
0.01149,0.04211,252.6491
0.01149,0.05032,305.5796
0.01149,0.06013,380.8876
0.01149,0.07186,488.8027
0.01149,0.08587,644.6172
0.01149,0.10261,871.4472
0.01149,0.12261,1204.7013
0.01149,0.14651,1699.4816
0.01149,0.17508,2443.1965
0.01149,0.20921,3577.7819
0.01149,0.25000,5340.4743
0.01231,0.00100,115.3025
0.01231,0.00119,115.4592
0.01231,0.00143,115.6522
0.01231,0.00171,115.8909
0.01231,0.00204,116.1879
0.01231,0.00244,116.5594
0.01231,0.00291,117.0273
0.01231,0.00348,117.6205
0.01231,0.00416,118.3782
0.01231,0.00497,119.3537
0.01231,0.00594,120.6196
0.01231,0.00709,122.2760
0.01231,0.00848,124.4614
0.01231,0.01013,127.3690
0.01231,0.01210,131.2689
0.01231,0.01446,136.5417
0.01231,0.01728,143.7253
0.01231,0.02065,153.5845
0.01231,0.02468,167.2116
0.01231,0.02949,186.1740
0.01231,0.03524,212.7333
0.01231,0.04211,250.1703
0.01231,0.05032,303.2743
0.01231,0.06013,379.0854
0.01231,0.07186,488.0345
0.01231,0.08587,645.7213
0.01231,0.10261,875.7309
0.01231,0.12261,1214.1879
0.01231,0.14651,1717.2931
0.01231,0.17508,2474.1503
0.01231,0.20921,3629.3364
0.01231,0.25000,5424.2470
0.01319,0.00100,115.1276
0.01319,0.00119,115.2507
0.01319,0.00143,115.4037
0.01319,0.00171,115.5949
0.01319,0.00204,115.8356
0.01319,0.00244,116.1404
0.01319,0.00291,116.5294
0.01319,0.00348,117.0296
0.01319,0.00416,117.6779
0.01319,0.00497,118.5250
0.01319,0.00594,119.6411
0.01319,0.00709,121.1235
0.01319,0.00848,123.1084
0.01319,0.01013,125.7865
0.01319,0.01210,129.4272
0.01319,0.01446,134.4114
0.01319,0.01728,141.2806
0.01319,0.02065,150.8078
0.01319,0.02468,164.1008
0.01319,0.02949,182.7541
0.01319,0.03524,209.0736
0.01319,0.04211,246.4110
0.01319,0.05032,299.6655
0.01319,0.06013,376.0461
0.01319,0.07186,486.2406
0.01319,0.08587,646.2357
0.01319,0.10261,880.1974
0.01319,0.12261,1225.1193
0.01319,0.14651,1738.4979
0.01319,0.17508,2511.3632
0.01319,0.20921,3691.1396
0.01319,0.25000,5523.3837
0.01414,0.00100,114.9158
0.01414,0.00119,114.9982
0.01414,0.00143,115.1028
0.01414,0.00171,115.2366
0.01414,0.00204,115.4091
0.01414,0.00244,115.6333
0.01414,0.00291,115.9269
0.01414,0.00348,116.3146
0.01414,0.00416,116.8306
0.01414,0.00497,117.5227
0.01414,0.00594,118.4579
0.01414,0.00709,119.7304
0.01414,0.00848,121.4733
0.01414,0.01013,123.8751
0.01414,0.01210,127.2037
0.01414,0.01446,131.8411
0.01414,0.01728,138.3333
0.01414,0.02065,147.4634
0.01414,0.02468,160.3585
0.01414,0.02949,178.6463
0.01414,0.03524,204.6868
0.01414,0.04211,241.9172
0.01414,0.05032,295.3694
0.01414,0.06013,372.4545
0.01414,0.07186,484.1651
0.01414,0.08587,646.9430
0.01414,0.10261,885.6294
0.01414,0.12261,1238.2119
0.01414,0.14651,1763.6387
0.01414,0.17508,2555.0350
0.01414,0.20921,3762.7894
0.01414,0.25000,5636.4919
0.01515,0.00100,114.7022
0.01515,0.00119,114.7435
0.01515,0.00143,114.7994
0.01515,0.00171,114.8753
0.01515,0.00204,114.9791
0.01515,0.00244,115.1220
0.01515,0.00291,115.3196
0.01515,0.00348,115.5942
0.01515,0.00416,115.9772
0.01515,0.00497,116.5137
0.01515,0.00594,117.2675
0.01515,0.00709,118.3298
0.01515,0.00848,119.8309
0.01515,0.01013,121.9572
0.01515,0.01210,124.9758
0.01515,0.01446,129.2700
0.01515,0.01728,135.3913
0.01515,0.02065,144.1342
0.01515,0.02468,156.6468
0.01515,0.02949,174.5921
0.01515,0.03524,200.3874
0.01515,0.04211,237.5596
0.01515,0.05032,291.2783
0.01515,0.06013,369.1627
0.01515,0.07186,482.5161
0.01515,0.08587,648.2392
0.01515,0.10261,891.8443
0.01515,0.12261,1252.2889
0.01515,0.14651,1789.9024
0.01515,0.17508,2599.7301
0.01515,0.20921,3834.7172
0.01515,0.25000,5747.5604
0.01624,0.00100,114.5389
0.01624,0.00119,114.5489
0.01624,0.00143,114.5676
0.01624,0.00171,114.5994
0.01624,0.00204,114.6511
0.01624,0.00244,114.7323
0.01624,0.00291,114.8572
0.01624,0.00348,115.0462
0.01624,0.00416,115.3291
0.01624,0.00497,115.7486
0.01624,0.00594,116.3667
0.01624,0.00709,117.2726
0.01624,0.00848,118.5951
0.01624,0.01013,120.5196
0.01624,0.01210,123.3139
0.01624,0.01446,127.3639
0.01624,0.01728,133.2276
0.01624,0.02065,141.7113
0.01624,0.02468,153.9836
0.01624,0.02949,171.7406
0.01624,0.03524,197.4515
0.01624,0.04211,234.7232
0.01624,0.05032,288.8451
0.01624,0.06013,367.6143
0.01624,0.07186,482.5939
0.01624,0.08587,651.0597
0.01624,0.10261,899.0561
0.01624,0.12261,1266.2800
0.01624,0.14651,1814.0550
0.01624,0.17508,2638.6861
0.01624,0.20921,3894.5234
0.01624,0.25000,5835.3002
0.01740,0.00100,114.4808
0.01740,0.00119,114.4799
0.01740,0.00143,114.4856
0.01740,0.00171,114.5023
0.01740,0.00204,114.5361
0.01740,0.00244,114.5965
0.01740,0.00291,114.6972
0.01740,0.00348,114.8583
0.01740,0.00416,115.1092
0.01740,0.00497,115.4925
0.01740,0.00594,116.0702
0.01740,0.00709,116.9318
0.01740,0.00848,118.2070
0.01740,0.01013,120.0833
0.01740,0.01210,122.8315
0.01740,0.01446,126.8430
0.01740,0.01728,132.6841
0.01740,0.02065,141.1741
0.01740,0.02468,153.5008
0.01740,0.02949,171.3892
0.01740,0.03524,197.3506
0.01740,0.04211,235.0524
0.01740,0.05032,289.8707
0.01740,0.06013,369.7240
0.01740,0.07186,486.3432
0.01740,0.08587,657.2301
0.01740,0.10261,908.7215
0.01740,0.12261,1280.8690
0.01740,0.14651,1835.3671
0.01740,0.17508,2668.7630
0.01740,0.20921,3935.1223
0.01740,0.25000,5886.3498
0.01865,0.00100,114.5566
0.01865,0.00119,114.5706
0.01865,0.00143,114.5944
0.01865,0.00171,114.6326
0.01865,0.00204,114.6924
0.01865,0.00244,114.7840
0.01865,0.00291,114.9223
0.01865,0.00348,115.1288
0.01865,0.00416,115.4346
0.01865,0.00497,115.8845
0.01865,0.00594,116.5430
0.01865,0.00709,117.5030
0.01865,0.00848,118.8986
0.01865,0.01013,120.9223
0.01865,0.01210,123.8519
0.01865,0.01446,128.0875
0.01865,0.01728,134.2065
0.01865,0.02065,143.0427
0.01865,0.02468,155.8024
0.01865,0.02949,174.2346
0.01865,0.03524,200.8811
0.01865,0.04211,239.4478
0.01865,0.05032,295.3581
0.01865,0.06013,376.5866
0.01865,0.07186,494.9249
0.01865,0.08587,667.9287
0.01865,0.10261,921.9544
0.01865,0.12261,1296.9737
0.01865,0.14651,1854.3633
0.01865,0.17508,2689.8096
0.01865,0.20921,3955.3119
0.01865,0.25000,5898.0248
0.01999,0.00100,114.7458
0.01999,0.00119,114.7968
0.01999,0.00143,114.8645
0.01999,0.00171,114.9554
0.01999,0.00204,115.0781
0.01999,0.00244,115.2448
0.01999,0.00291,115.4728
0.01999,0.00348,115.7864
0.01999,0.00416,116.2201
0.01999,0.00497,116.8227
0.01999,0.00594,117.6634
0.01999,0.00709,118.8409
0.01999,0.00848,120.4958
0.01999,0.01013,122.8285
0.01999,0.01210,126.1262
0.01999,0.01446,130.7995
0.01999,0.01728,137.4384
0.01999,0.02065,146.8906
0.01999,0.02468,160.3781
0.01999,0.02949,179.6661
0.01999,0.03524,207.3124
0.01999,0.04211,247.0357
0.01999,0.05032,304.2639
0.01999,0.06013,386.9579
0.01999,0.07186,506.8595
0.01999,0.08587,681.4051
0.01999,0.10261,936.6996
0.01999,0.12261,1312.2142
0.01999,0.14651,1868.3508
0.01999,0.17508,2698.9069
0.01999,0.20921,3952.1953
0.01999,0.25000,5868.0447
0.02142,0.00100,114.9807
0.02142,0.00119,115.0772
0.02142,0.00143,115.1993
0.02142,0.00171,115.3550
0.02142,0.00204,115.5550
0.02142,0.00244,115.8138
0.02142,0.00291,116.1515
0.02142,0.00348,116.5956
0.02142,0.00416,117.1845
0.02142,0.00497,117.9714
0.02142,0.00594,119.0308
0.02142,0.00709,120.4672
0.02142,0.00848,122.4280
0.02142,0.01013,125.1214
0.02142,0.01210,128.8429
0.02142,0.01446,134.0122
0.02142,0.01728,141.2283
0.02142,0.02065,151.3477
0.02142,0.02468,165.5988
0.02142,0.02949,185.7492
0.02142,0.03524,214.3507
0.02142,0.04211,255.1011
0.02142,0.05032,313.3822
0.02142,0.06013,397.0641
0.02142,0.07186,517.7232
0.02142,0.08587,692.5025
0.02142,0.10261,946.9932
0.02142,0.12261,1319.7700
0.02142,0.14651,1869.6594
0.02142,0.17508,2687.6560
0.02142,0.20921,3916.9840
0.02142,0.25000,5787.9885
0.02296,0.00100,115.1678
0.02296,0.00119,115.3004
0.02296,0.00143,115.4656
0.02296,0.00171,115.6724
0.02296,0.00204,115.9332
0.02296,0.00244,116.2642
0.02296,0.00291,116.6875
0.02296,0.00348,117.2330
0.02296,0.00416,117.9417
0.02296,0.00497,118.8698
0.02296,0.00594,120.0950
0.02296,0.00709,121.7257
0.02296,0.00848,123.9127
0.02296,0.01013,126.8682
0.02296,0.01210,130.8907
0.02296,0.01446,136.4021
0.02296,0.01728,144.0015
0.02296,0.02065,154.5417
0.02296,0.02468,169.2411
0.02296,0.02949,189.8469
0.02296,0.03524,218.8740
0.02296,0.04211,259.9562
0.02296,0.05032,318.3684
0.02296,0.06013,401.8056
0.02296,0.07186,521.5584
0.02296,0.08587,694.3046
0.02296,0.10261,944.8756
0.02296,0.12261,1310.5929
0.02296,0.14651,1848.1890
0.02296,0.17508,2645.0956
0.02296,0.20921,3838.3341
0.02296,0.25000,5647.1316
0.02461,0.00100,115.2271
0.02461,0.00119,115.3708
0.02461,0.00143,115.5490
0.02461,0.00171,115.7711
0.02461,0.00204,116.0496
0.02461,0.00244,116.4012
0.02461,0.00291,116.8483
0.02461,0.00348,117.4209
0.02461,0.00416,118.1600
0.02461,0.00497,119.1219
0.02461,0.00594,120.3838
0.02461,0.00709,122.0527
0.02461,0.00848,124.2777
0.02461,0.01013,127.2672
0.02461,0.01210,131.3141
0.02461,0.01446,136.8313
0.02461,0.01728,144.4035
0.02461,0.02065,154.8617
0.02461,0.02468,169.3912
0.02461,0.02949,189.6888
0.02461,0.03524,218.1929
0.02461,0.04211,258.4218
0.02461,0.05032,315.4751
0.02461,0.06013,396.7804
0.02461,0.07186,513.2181
0.02461,0.08587,680.8318
0.02461,0.10261,923.4603
0.02461,0.12261,1276.8505
0.02461,0.14651,1795.1958
0.02461,0.17508,2561.7467
0.02461,0.20921,3706.4671
0.02461,0.25000,5436.3069
0.02637,0.00100,115.1518
0.02637,0.00119,115.2802
0.02637,0.00143,115.4397
0.02637,0.00171,115.6392
0.02637,0.00204,115.8901
0.02637,0.00244,116.2079
0.02637,0.00291,116.6134
0.02637,0.00348,117.1347
0.02637,0.00416,117.8102
0.02637,0.00497,118.6925
0.02637,0.00594,119.8545
0.02637,0.00709,121.3970
0.02637,0.00848,123.4609
0.02637,0.01013,126.2434
0.02637,0.01210,130.0220
0.02637,0.01446,135.1886
0.02637,0.01728,142.2985
0.02637,0.02065,152.1415
0.02637,0.02468,165.8448
0.02637,0.02949,185.0226
0.02637,0.03524,211.9948
0.02637,0.04211,250.1092
0.02637,0.05032,304.2165
0.02637,0.06013,381.3794
0.02637,0.07186,491.9370
0.02637,0.08587,651.1207
0.02637,0.10261,881.5358
0.02637,0.12261,1217.0272
0.02637,0.14651,1708.8032
0.02637,0.17508,2435.3330
0.02637,0.20921,3518.7292
0.02637,0.25000,5152.6585
0.02826,0.00100,115.0344
0.02826,0.00119,115.1391
0.02826,0.00143,115.2699
0.02826,0.00171,115.4346
0.02826,0.00204,115.6432
0.02826,0.00244,115.9094
0.02826,0.00291,116.2516
0.02826,0.00348,116.6952
0.02826,0.00416,117.2747
0.02826,0.00497,118.0380
0.02826,0.00594,119.0513
0.02826,0.00709,120.4072
0.02826,0.00848,122.2350
0.02826,0.01013,124.7168
0.02826,0.01210,128.1093
0.02826,0.01446,132.7759
0.02826,0.01728,139.2328
0.02826,0.02065,148.2153
0.02826,0.02468,160.7743
0.02826,0.02949,178.4166
0.02826,0.03524,203.3096
0.02826,0.04211,238.5827
0.02826,0.05032,288.7722
0.02826,0.06013,360.4836
0.02826,0.07186,463.3862
0.02826,0.08587,611.7193
0.02826,0.10261,826.6032
0.02826,0.12261,1139.6298
0.02826,0.14651,1598.5383
0.02826,0.17508,2276.3557
0.02826,0.20921,3286.4695
0.02826,0.25000,4808.1751
0.03029,0.00100,114.9579
0.03029,0.00119,115.0467
0.03029,0.00143,115.1581
0.03029,0.00171,115.2988
0.03029,0.00204,115.4780
0.03029,0.00244,115.7078
0.03029,0.00291,116.0047
0.03029,0.00348,116.3915
0.03029,0.00416,116.8996
0.03029,0.00497,117.5721
0.03029,0.00594,118.4694
0.03029,0.00709,119.6758
0.03029,0.00848,121.3095
0.03029,0.01013,123.5370
0.03029,0.01210,126.5937
0.03029,0.01446,130.8130
0.03029,0.01728,136.6693
0.03029,0.02065,144.8389
0.03029,0.02468,156.2892
0.03029,0.02949,172.4080
0.03029,0.03524,195.1928
0.03029,0.04211,227.5282
0.03029,0.05032,273.5971
0.03029,0.06013,339.4909
0.03029,0.07186,434.1257
0.03029,0.08587,570.6300
0.03029,0.10261,768.4704
0.03029,0.12261,1056.7521
0.03029,0.14651,1479.4264
0.03029,0.17508,2103.6667
0.03029,0.20921,3033.6448
0.03029,0.25000,4433.8188
0.03246,0.00100,114.8479
0.03246,0.00119,114.9142
0.03246,0.00143,114.9983
0.03246,0.00171,115.1059
0.03246,0.00204,115.2445
0.03246,0.00244,115.4246
0.03246,0.00291,115.6603
0.03246,0.00348,115.9715
0.03246,0.00416,116.3855
0.03246,0.00497,116.9405
0.03246,0.00594,117.6898
0.03246,0.00709,118.7087
0.03246,0.00848,120.1029
0.03246,0.01013,122.0224
0.03246,0.01210,124.6794
0.03246,0.01446,128.3761
0.03246,0.01728,133.5429
0.03246,0.02065,140.7954
0.03246,0.02468,151.0154
0.03246,0.02949,165.4701
0.03246,0.03524,185.9862
0.03246,0.04211,215.2048
0.03246,0.05032,256.9595
0.03246,0.06013,316.8379
0.03246,0.07186,403.0258
0.03246,0.08587,527.5841
0.03246,0.10261,708.4079
0.03246,0.12261,972.2679
0.03246,0.14651,1359.6122
0.03246,0.17508,1932.2906
0.03246,0.20921,2786.2657
0.03246,0.25000,4073.1054
0.03479,0.00100,114.5904
0.03479,0.00119,114.6056
0.03479,0.00143,114.6285
0.03479,0.00171,114.6624
0.03479,0.00204,114.7124
0.03479,0.00244,114.7855
0.03479,0.00291,114.8920
0.03479,0.00348,115.0468
0.03479,0.00416,115.2711
0.03479,0.00497,115.5953
0.03479,0.00594,116.0632
0.03479,0.00709,116.7374
0.03479,0.00848,117.7080
0.03479,0.01013,119.1042
0.03479,0.01210,121.1118
0.03479,0.01446,123.9976
0.03479,0.01728,128.1457
0.03479,0.02065,134.1092
0.03479,0.02468,142.6863
0.03479,0.02949,155.0301
0.03479,0.03524,172.8110
0.03479,0.04211,198.4544
0.03479,0.05032,235.4934
0.03479,0.06013,289.0946
0.03479,0.07186,366.8488
0.03479,0.08587,479.9703
0.03479,0.10261,645.1398
0.03479,0.12261,887.3733
0.03479,0.14651,1244.5614
0.03479,0.17508,1774.7942
0.03479,0.20921,2568.4549
0.03479,0.25000,3768.7476
0.03729,0.00100,114.3206
0.03729,0.00119,114.2828
0.03729,0.00143,114.2420
0.03729,0.00171,114.1996
0.03729,0.00204,114.1578
0.03729,0.00244,114.1207
0.03729,0.00291,114.0947
0.03729,0.00348,114.0899
0.03729,0.00416,114.1216
0.03729,0.00497,114.2131
0.03729,0.00594,114.3991
0.03729,0.00709,114.7313
0.03729,0.00848,115.2856
0.03729,0.01013,116.1737
0.03729,0.01210,117.5585
0.03729,0.01446,119.6782
0.03729,0.01728,122.8793
0.03729,0.02065,127.6661
0.03729,0.02468,134.7725
0.03729,0.02949,145.2667
0.03729,0.03524,160.7051
0.03729,0.04211,183.3599
0.03729,0.05032,216.5565
0.03729,0.06013,265.1774
0.03729,0.07186,336.4227
0.03729,0.08587,440.9669
0.03729,0.10261,594.7408
0.03729,0.12261,821.7153
0.03729,0.14651,1158.3231
0.03729,0.17508,1660.6235
0.03729,0.20921,2416.1906
0.03729,0.25000,3564.4084
0.03996,0.00100,114.3187
0.03996,0.00119,114.2801
0.03996,0.00143,114.2382
0.03996,0.00171,114.1942
0.03996,0.00204,114.1502
0.03996,0.00244,114.1099
0.03996,0.00291,114.0793
0.03996,0.00348,114.0680
0.03996,0.00416,114.0904
0.03996,0.00497,114.1686
0.03996,0.00594,114.3357
0.03996,0.00709,114.6410
0.03996,0.00848,115.1569
0.03996,0.01013,115.9900
0.03996,0.01210,117.2965
0.03996,0.01446,119.3043
0.03996,0.01728,122.3455
0.03996,0.02065,126.9039
0.03996,0.02468,133.6840
0.03996,0.02949,143.7117
0.03996,0.03524,158.4834
0.03996,0.04211,180.1850
0.03996,0.05032,212.0181
0.03996,0.06013,258.6887
0.03996,0.07186,327.1434
0.03996,0.08587,427.6943
0.03996,0.10261,575.7538
0.03996,0.12261,794.5533
0.03996,0.14651,1119.4738
0.03996,0.17508,1605.0907
0.03996,0.20921,2336.9120
0.03996,0.25000,3451.5189
0.04283,0.00100,114.5875
0.04283,0.00119,114.6006
0.04283,0.00143,114.6203
0.04283,0.00171,114.6494
0.04283,0.00204,114.6922
0.04283,0.00244,114.7549
0.04283,0.00291,114.8462
0.04283,0.00348,114.9788
0.04283,0.00416,115.1709
0.04283,0.00497,115.4485
0.04283,0.00594,115.8490
0.04283,0.00709,116.4262
0.04283,0.00848,117.2570
0.04283,0.01013,118.4524
0.04283,0.01210,120.1713
0.04283,0.01446,122.6427
0.04283,0.01728,126.1960
0.04283,0.02065,131.3063
0.04283,0.02468,138.6595
0.04283,0.02949,149.2479
0.04283,0.03524,164.5105
0.04283,0.04211,186.5404
0.04283,0.05032,218.3924
0.04283,0.06013,264.5442
0.04283,0.07186,331.5921
0.04283,0.08587,429.3144
0.04283,0.10261,572.3134
0.04283,0.12261,782.5938
0.04283,0.14651,1093.6784
0.04283,0.17508,1557.3205
0.04283,0.20921,2254.7263
0.04283,0.25000,3315.8856
0.04590,0.00100,114.8814
0.04590,0.00119,114.9509
0.04590,0.00143,115.0375
0.04590,0.00171,115.1461
0.04590,0.00204,115.2830
0.04590,0.00244,115.4569
0.04590,0.00291,115.6794
0.04590,0.00348,115.9664
0.04590,0.00416,116.3395
0.04590,0.00497,116.8284
0.04590,0.00594,117.4744
0.04590,0.00709,118.3348
0.04590,0.00848,119.4896
0.04590,0.01013,121.0512
0.04590,0.01210,123.1780
0.04590,0.01446,126.0941
0.04590,0.01728,130.1174
0.04590,0.02065,135.7011
0.04590,0.02468,143.4931
0.04590,0.02949,154.4229
0.04590,0.03524,169.8293
0.04590,0.04211,191.6487
0.04590,0.05032,222.6945
0.04590,0.06013,267.0756
0.04590,0.07186,330.8283
0.04590,0.08587,422.8820
0.04590,0.10261,556.5541
0.04590,0.12261,751.8978
0.04590,0.14651,1039.4608
0.04590,0.17508,1466.4287
0.04590,0.20921,2106.9290
0.04590,0.25000,3079.8458
0.04919,0.00100,115.0626
0.04919,0.00119,115.1663
0.04919,0.00143,115.2932
0.04919,0.00171,115.4492
0.04919,0.00204,115.6419
0.04919,0.00244,115.8809
0.04919,0.00291,116.1793
0.04919,0.00348,116.5539
0.04919,0.00416,117.0274
0.04919,0.00497,117.6304
0.04919,0.00594,118.4040
0.04919,0.00709,119.4045
0.04919,0.00848,120.7091
0.04919,0.01013,122.4243
0.04919,0.01210,124.6982
0.04919,0.01446,127.7378
0.04919,0.01728,131.8338
0.04919,0.02065,137.3964
0.04919,0.02468,145.0076
0.04919,0.02949,155.4972
0.04919,0.03524,170.0533
0.04919,0.04211,190.3868
0.04919,0.05032,218.9741
0.04919,0.06013,259.4212
0.04919,0.07186,317.0142
0.04919,0.08587,399.5600
0.04919,0.10261,518.6909
0.04919,0.12261,691.9161
0.04919,0.14651,945.9131
0.04919,0.17508,1321.9227
0.04919,0.20921,1884.8251
0.04919,0.25000,2738.8913
0.05272,0.00100,115.0506
0.05272,0.00119,115.1508
0.05272,0.00143,115.2730
0.05272,0.00171,115.4227
0.05272,0.00204,115.6067
0.05272,0.00244,115.8341
0.05272,0.00291,116.1163
0.05272,0.00348,116.4687
0.05272,0.00416,116.9114
0.05272,0.00497,117.4714
0.05272,0.00594,118.1849
0.05272,0.00709,119.1010
0.05272,0.00848,120.2868
0.05272,0.01013,121.8343
0.05272,0.01210,123.8708
0.05272,0.01446,126.5738
0.05272,0.01728,130.1911
0.05272,0.02065,135.0720
0.05272,0.02468,141.7103
0.05272,0.02949,150.8086
0.05272,0.03524,163.3712
0.05272,0.04211,180.8420
0.05272,0.05032,205.3088
0.05272,0.06013,239.8091
0.05272,0.07186,288.7935
0.05272,0.08587,358.8335
0.05272,0.10261,459.7213
0.05272,0.12261,606.2017
0.05272,0.14651,820.7557
0.05272,0.17508,1138.1713
0.05272,0.20921,1613.2518
0.05272,0.25000,2334.2295
0.05650,0.00100,114.7703
0.05650,0.00119,114.8148
0.05650,0.00143,114.8701
0.05650,0.00171,114.9393
0.05650,0.00204,115.0262
0.05650,0.00244,115.1362
0.05650,0.00291,115.2766
0.05650,0.00348,115.4568
0.05650,0.00416,115.6903
0.05650,0.00497,115.9950
0.05650,0.00594,116.3962
0.05650,0.00709,116.9284
0.05650,0.00848,117.6403
0.05650,0.01013,118.5997
0.05650,0.01210,119.9024
0.05650,0.01446,121.6835
0.05650,0.01728,124.1348
0.05650,0.02065,127.5294
0.05650,0.02468,132.2576
0.05650,0.02949,138.8794
0.05650,0.03524,148.2017
0.05650,0.04211,161.3920
0.05650,0.05032,180.1478
0.05650,0.06013,206.9508
0.05650,0.07186,245.4520
0.05650,0.08587,301.0613
0.05650,0.10261,381.8645
0.05650,0.12261,500.0694
0.05650,0.14651,674.3316
0.05650,0.17508,933.5798
0.05650,0.20921,1323.4717
0.05650,0.25000,1917.6427
0.06055,0.00100,114.4100
0.06055,0.00119,114.3836
0.06055,0.00143,114.3539
0.06055,0.00171,114.3210
0.06055,0.00204,114.2853
0.06055,0.00244,114.2480
0.06055,0.00291,114.2109
0.06055,0.00348,114.1775
0.06055,0.00416,114.1530
0.06055,0.00497,114.1459
0.06055,0.00594,114.1692
0.06055,0.00709,114.2423
0.06055,0.00848,114.3948
0.06055,0.01013,114.6705
0.06055,0.01210,115.1338
0.06055,0.01446,115.8801
0.06055,0.01728,117.0491
0.06055,0.02065,118.8453
0.06055,0.02468,121.5681
0.06055,0.02949,125.6556
0.06055,0.03524,131.7496
0.06055,0.04211,140.7910
0.06055,0.05032,154.1640
0.06055,0.06013,173.9113
0.06055,0.07186,203.0618
0.06055,0.08587,246.1331
0.06055,0.10261,309.9139
0.06055,0.12261,404.6994
0.06055,0.14651,546.2799
0.06055,0.17508,759.2131
0.06055,0.20921,1082.3499
0.06055,0.25000,1578.4648
0.06489,0.00100,114.2531
0.06489,0.00119,114.1956
0.06489,0.00143,114.1284
0.06489,0.00171,114.0504
0.06489,0.00204,113.9605
0.06489,0.00244,113.8576
0.06489,0.00291,113.7414
0.06489,0.00348,113.6119
0.06489,0.00416,113.4706
0.06489,0.00497,113.3213
0.06489,0.00594,113.1705
0.06489,0.00709,113.0300
0.06489,0.00848,112.9191
0.06489,0.01013,112.8682
0.06489,0.01210,112.9245
0.06489,0.01446,113.1602
0.06489,0.01728,113.6841
0.06489,0.02065,114.6593
0.06489,0.02468,116.3285
0.06489,0.02949,119.0519
0.06489,0.03524,123.3632
0.06489,0.04211,130.0524
0.06489,0.05032,140.2900
0.06489,0.06013,155.8137
0.06489,0.07186,179.2129
0.06489,0.08587,214.3650
0.06489,0.10261,267.1144
0.06489,0.12261,346.3454
0.06489,0.14651,465.7090
0.06489,0.17508,646.4620
0.06489,0.20921,922.2598
0.06489,0.25000,1347.4995
0.06955,0.00100,114.3566
0.06955,0.00119,114.3186
0.06955,0.00143,114.2744
0.06955,0.00171,114.2235
0.06955,0.00204,114.1653
0.06955,0.00244,114.0995
0.06955,0.00291,114.0263
0.06955,0.00348,113.9466
0.06955,0.00416,113.8623
0.06955,0.00497,113.7774
0.06955,0.00594,113.6985
0.06955,0.00709,113.6366
0.06955,0.00848,113.6090
0.06955,0.01013,113.6425
0.06955,0.01210,113.7780
0.06955,0.01446,114.0772
0.06955,0.01728,114.6320
0.06955,0.02065,115.5794
0.06955,0.02468,117.1217
0.06955,0.02949,119.5581
0.06955,0.03524,123.3298
0.06955,0.04211,129.0877
0.06955,0.05032,137.7935
0.06955,0.06013,150.8717
0.06955,0.07186,170.4400
0.06955,0.08587,199.6631
0.06955,0.10261,243.3023
0.06955,0.12261,308.5825
0.06955,0.14651,406.5838
0.06955,0.17508,554.5275
0.06955,0.20921,779.6222
0.06955,0.25000,1125.7455
0.07454,0.00100,114.5768
0.07454,0.00119,114.5809
0.07454,0.00143,114.5867
0.07454,0.00171,114.5949
0.07454,0.00204,114.6066
0.07454,0.00244,114.6233
0.07454,0.00291,114.6471
0.07454,0.00348,114.6811
0.07454,0.00416,114.7296
0.07454,0.00497,114.7988
0.07454,0.00594,114.8977
0.07454,0.00709,115.0390
0.07454,0.00848,115.2410
0.07454,0.01013,115.5300
0.07454,0.01210,115.9436
0.07454,0.01446,116.5359
0.07454,0.01728,117.3848
0.07454,0.02065,118.6022
0.07454,0.02468,120.3501
0.07454,0.02949,122.8623
0.07454,0.03524,126.4781
0.07454,0.04211,131.6907
0.07454,0.05032,139.2202
0.07454,0.06013,150.1219
0.07454,0.07186,165.9509
0.07454,0.08587,189.0131
0.07454,0.10261,222.7536
0.07454,0.12261,272.3665
0.07454,0.14651,345.7701
0.07454,0.17508,455.1985
0.07454,0.20921,619.8660
0.07454,0.25000,870.5611
0.07988,0.00100,114.6799
0.07988,0.00119,114.7034
0.07988,0.00143,114.7322
0.07988,0.00171,114.7675
0.07988,0.00204,114.8111
0.07988,0.00244,114.8650
0.07988,0.00291,114.9322
0.07988,0.00348,115.0165
0.07988,0.00416,115.1227
0.07988,0.00497,115.2578
0.07988,0.00594,115.4306
0.07988,0.00709,115.6536
0.07988,0.00848,115.9436
0.07988,0.01013,116.3239
0.07988,0.01210,116.8269
0.07988,0.01446,117.4976
0.07988,0.01728,118.3990
0.07988,0.02065,119.6204
0.07988,0.02468,121.2875
0.07988,0.02949,123.5798
0.07988,0.03524,126.7535
0.07988,0.04211,131.1769
0.07988,0.05032,137.3815
0.07988,0.06013,146.1394
0.07988,0.07186,158.5787
0.07988,0.08587,176.3592
0.07988,0.10261,201.9434
0.07988,0.12261,239.0183
0.07988,0.14651,293.1660
0.07988,0.17508,372.9504
0.07988,0.20921,491.7190
0.07988,0.25000,670.6774
0.08561,0.00100,114.5620
0.08561,0.00119,114.5623
0.08561,0.00143,114.5632
0.08561,0.00171,114.5650
0.08561,0.00204,114.5683
0.08561,0.00244,114.5738
0.08561,0.00291,114.5827
0.08561,0.00348,114.5965
0.08561,0.00416,114.6178
0.08561,0.00497,114.6498
0.08561,0.00594,114.6975
0.08561,0.00709,114.7682
0.08561,0.00848,114.8722
0.08561,0.01013,115.0245
0.08561,0.01210,115.2466
0.08561,0.01446,115.5698
0.08561,0.01728,116.0388
0.08561,0.02065,116.7187
0.08561,0.02468,117.7033
0.08561,0.02949,119.1284
0.08561,0.03524,121.1913
0.08561,0.04211,124.1790
0.08561,0.05032,128.5102
0.08561,0.06013,134.7986
0.08561,0.07186,143.9475
0.08561,0.08587,157.2945
0.08561,0.10261,176.8336
0.08561,0.12261,205.5633
0.08561,0.14651,248.0386
0.08561,0.17508,311.2658
0.08561,0.20921,406.1862
0.08561,0.25000,550.2064
0.09175,0.00100,114.3383
0.09175,0.00119,114.2947
0.09175,0.00143,114.2430
0.09175,0.00171,114.1818
0.09175,0.00204,114.1096
0.09175,0.00244,114.0246
0.09175,0.00291,113.9248
0.09175,0.00348,113.8081
0.09175,0.00416,113.6723
0.09175,0.00497,113.5152
0.09175,0.00594,113.3350
0.09175,0.00709,113.1304
0.09175,0.00848,112.9013
0.09175,0.01013,112.6495
0.09175,0.01210,112.3803
0.09175,0.01446,112.1039
0.09175,0.01728,111.8389
0.09175,0.02065,111.6162
0.09175,0.02468,111.4857
0.09175,0.02949,111.5254
0.09175,0.03524,111.8564
0.09175,0.04211,112.6637
0.09175,0.05032,114.2285
0.09175,0.06013,116.9759
0.09175,0.07186,121.5490
0.09175,0.08587,128.9204
0.09175,0.10261,140.5668
0.09175,0.12261,158.7419
0.09175,0.14651,186.9128
0.09175,0.17508,230.4706
0.09175,0.20921,297.9132
0.09175,0.25000,402.8725
0.09833,0.00100,114.2055
0.09833,0.00119,114.1356
0.09833,0.00143,114.0524
0.09833,0.00171,113.9534
0.09833,0.00204,113.8356
0.09833,0.00244,113.6957
0.09833,0.00291,113.5297
0.09833,0.00348,113.3329
0.09833,0.00416,113.1000
0.09833,0.00497,112.8252
0.09833,0.00594,112.5016
0.09833,0.00709,112.1217
0.09833,0.00848,111.6777
0.09833,0.01013,111.1613
0.09833,0.01210,110.5644
0.09833,0.01446,109.8805
0.09833,0.01728,109.1051
0.09833,0.02065,108.2390
0.09833,0.02468,107.2914
0.09833,0.02949,106.2851
0.09833,0.03524,105.2654
0.09833,0.04211,104.3127
0.09833,0.05032,103.5620
0.09833,0.06013,103.2328
0.09833,0.07186,103.6755
0.09833,0.08587,105.4428
0.09833,0.10261,109.4018
0.09833,0.12261,116.9119
0.09833,0.14651,130.1117
0.09833,0.17508,152.3899
0.09833,0.20921,189.1783
0.09833,0.25000,249.3240
0.10538,0.00100,114.2457
0.10538,0.00119,114.1835
0.10538,0.00143,114.1094
0.10538,0.00171,114.0211
0.10538,0.00204,113.9160
0.10538,0.00244,113.7911
0.10538,0.00291,113.6426
0.10538,0.00348,113.4663
0.10538,0.00416,113.2575
0.10538,0.00497,113.0103
0.10538,0.00594,112.7185
0.10538,0.00709,112.3749
0.10538,0.00848,111.9715
0.10538,0.01013,111.4999
0.10538,0.01210,110.9512
0.10538,0.01446,110.3171
0.10538,0.01728,109.5901
0.10538,0.02065,108.7659
0.10538,0.02468,107.8453
0.10538,0.02949,106.8382
0.10538,0.03524,105.7697
0.10538,0.04211,104.6894
0.10538,0.05032,103.6856
0.10538,0.06013,102.9074
0.10538,0.07186,102.5995
0.10538,0.08587,103.1552
0.10538,0.10261,105.2019
0.10538,0.12261,109.7363
0.10538,0.14651,118.3457
0.10538,0.17508,133.5736
0.10538,0.20921,159.5430
0.10538,0.25000,203.0471
0.11294,0.00100,114.3493
0.11294,0.00119,114.3072
0.11294,0.00143,114.2572
0.11294,0.00171,114.1978
0.11294,0.00204,114.1271
0.11294,0.00244,114.0432
0.11294,0.00291,113.9438
0.11294,0.00348,113.8261
0.11294,0.00416,113.6872
0.11294,0.00497,113.5236
0.11294,0.00594,113.3315
0.11294,0.00709,113.1068
0.11294,0.00848,112.8454
0.11294,0.01013,112.5431
0.11294,0.01210,112.1962
0.11294,0.01446,111.8025
0.11294,0.01728,111.3620
0.11294,0.02065,110.8787
0.11294,0.02468,110.3634
0.11294,0.02949,109.8377
0.11294,0.03524,109.3401
0.11294,0.04211,108.9359
0.11294,0.05032,108.7308
0.11294,0.06013,108.8937
0.11294,0.07186,109.6905
0.11294,0.08587,111.5367
0.11294,0.10261,115.0810
0.11294,0.12261,121.3377
0.11294,0.14651,131.9016
0.11294,0.17508,149.3043
0.11294,0.20921,177.6187
0.11294,0.25000,223.5166
0.12104,0.00100,114.3580
0.12104,0.00119,114.3177
0.12104,0.00143,114.2696
0.12104,0.00171,114.2125
0.12104,0.00204,114.1446
0.12104,0.00244,114.0639
0.12104,0.00291,113.9683
0.12104,0.00348,113.8551
0.12104,0.00416,113.7214
0.12104,0.00497,113.5637
0.12104,0.00594,113.3784
0.12104,0.00709,113.1615
0.12104,0.00848,112.9087
0.12104,0.01013,112.6157
0.12104,0.01210,112.2788
0.12104,0.01446,111.8952
0.12104,0.01728,111.4640
0.12104,0.02065,110.9880
0.12104,0.02468,110.4760
0.12104,0.02949,109.9462
0.12104,0.03524,109.4321
0.12104,0.04211,108.9912
0.12104,0.05032,108.7174
0.12104,0.06013,108.7619
0.12104,0.07186,109.3630
0.12104,0.08587,110.8951
0.12104,0.10261,113.9433
0.12104,0.12261,119.4238
0.12104,0.14651,128.7787
0.12104,0.17508,144.2981
0.12104,0.20921,169.6663
0.12104,0.25000,210.9166
0.12972,0.00100,114.2747
0.12972,0.00119,114.2181
0.12972,0.00143,114.1506
0.12972,0.00171,114.0702
0.12972,0.00204,113.9745
0.12972,0.00244,113.8607
0.12972,0.00291,113.7253
0.12972,0.00348,113.5646
0.12972,0.00416,113.3740
0.12972,0.00497,113.1483
0.12972,0.00594,112.8816
0.12972,0.00709,112.5672
0.12972,0.00848,112.1977
0.12972,0.01013,111.7649
0.12972,0.01210,111.2603
0.12972,0.01446,110.6755
0.12972,0.01728,110.0028
0.12972,0.02065,109.2366
0.12972,0.02468,108.3754
0.12972,0.02949,107.4249
0.12972,0.03524,106.4032
0.12972,0.04211,105.3483
0.12972,0.05032,104.3301
0.12972,0.06013,103.4690
0.12972,0.07186,102.9643
0.12972,0.08587,103.1394
0.12972,0.10261,104.5119
0.12972,0.12261,107.9068
0.12972,0.14651,114.6398
0.12972,0.17508,126.8199
0.12972,0.20921,147.8624
0.12972,0.25000,183.3827
0.13903,0.00100,114.2361
0.13903,0.00119,114.1720
0.13903,0.00143,114.0956
0.13903,0.00171,114.0047
0.13903,0.00204,113.8963
0.13903,0.00244,113.7675
0.13903,0.00291,113.6143
0.13903,0.00348,113.4324
0.13903,0.00416,113.2167
0.13903,0.00497,112.9613
0.13903,0.00594,112.6596
0.13903,0.00709,112.3039
0.13903,0.00848,111.8859
0.13903,0.01013,111.3964
0.13903,0.01210,110.8259
0.13903,0.01446,110.1648
0.13903,0.01728,109.4048
0.13903,0.02065,108.5394
0.13903,0.02468,107.5675
0.13903,0.02949,106.4958
0.13903,0.03524,105.3453
0.13903,0.04211,104.1601
0.13903,0.05032,103.0206
0.13903,0.06013,102.0649
0.13903,0.07186,101.5216
0.13903,0.08587,101.7611
0.13903,0.10261,103.3759
0.13903,0.12261,107.3103
0.13903,0.14651,115.0696
0.13903,0.17508,129.0667
0.13903,0.20921,153.2088
0.13903,0.25000,193.9213
0.14900,0.00100,114.2904
0.14900,0.00119,114.2369
0.14900,0.00143,114.1733
0.14900,0.00171,114.0975
0.14900,0.00204,114.0075
0.14900,0.00244,113.9005
0.14900,0.00291,113.7736
0.14900,0.00348,113.6233
0.14900,0.00416,113.4455
0.14900,0.00497,113.2358
0.14900,0.00594,112.9890
0.14900,0.00709,112.6996
0.14900,0.00848,112.3616
0.14900,0.01013,111.9691
0.14900,0.01210,111.5163
0.14900,0.01446,110.9986
0.14900,0.01728,110.4136
0.14900,0.02065,109.7629
0.14900,0.02468,109.0554
0.14900,0.02949,108.3110
0.14900,0.03524,107.5684
0.14900,0.04211,106.8946
0.14900,0.05032,106.4016
0.14900,0.06013,106.2702
0.14900,0.07186,106.7886
0.14900,0.08587,108.4102
0.14900,0.10261,111.8468
0.14900,0.12261,118.2154
0.14900,0.14651,129.2765
0.14900,0.17508,147.8281
0.14900,0.20921,178.3723
0.14900,0.25000,228.2768
0.15000,0.00400,113.5165
0.15000,0.00485,113.3034
0.15000,0.00587,113.0496
0.15000,0.00711,112.7484
0.15000,0.00862,112.3930
0.15000,0.01044,111.9761
0.15000,0.01265,111.4915
0.15000,0.01532,110.9345
0.15000,0.01857,110.3044
0.15000,0.02249,109.6073
0.15000,0.02725,108.8614
0.15000,0.03302,108.1047
0.15000,0.04000,107.4078
0.15000,0.04846,106.8938
0.15000,0.05871,106.7697
0.15000,0.07113,107.3764
0.15000,0.08618,109.2692
0.15000,0.10441,113.3487
0.15000,0.12649,121.0759
0.15000,0.15325,134.8361
0.15000,0.18566,158.5640
0.15000,0.22494,198.8536
0.15000,0.27252,266.9984
0.15000,0.33016,382.9049
0.15000,0.40000,583.0115
0.16227,0.00400,113.8508
0.16227,0.00485,113.7001
0.16227,0.00587,113.5224
0.16227,0.00711,113.3144
0.16227,0.00862,113.0730
0.16227,0.01044,112.7963
0.16227,0.01265,112.4842
0.16227,0.01532,112.1405
0.16227,0.01857,111.7749
0.16227,0.02249,111.4074
0.16227,0.02725,111.0743
0.16227,0.03302,110.8380
0.16227,0.04000,110.8017
0.16227,0.04846,111.1335
0.16227,0.05871,112.1026
0.16227,0.07113,114.1375
0.16227,0.08618,117.9196
0.16227,0.10441,124.5326
0.16227,0.12649,135.7111
0.16227,0.15325,154.2549
0.16227,0.18566,184.7443
0.16227,0.22494,234.8060
0.16227,0.27252,317.4375
0.16227,0.33016,455.4672
0.16227,0.40000,690.5771
0.17554,0.00400,114.0372
0.17554,0.00485,113.9272
0.17554,0.00587,113.7993
0.17554,0.00711,113.6525
0.17554,0.00862,113.4865
0.17554,0.01044,113.3029
0.17554,0.01265,113.1065
0.17554,0.01532,112.9068
0.17554,0.01857,112.7217
0.17554,0.02249,112.5815
0.17554,0.02725,112.5369
0.17554,0.03302,112.6695
0.17554,0.04000,113.1092
0.17554,0.04846,114.0612
0.17554,0.05871,115.8471
0.17554,0.07113,118.9712
0.17554,0.08618,124.2243
0.17554,0.10441,132.8529
0.17554,0.12649,146.8357
0.17554,0.15325,169.3476
0.17554,0.18566,205.5560
0.17554,0.22494,264.0298
0.17554,0.27252,359.3238
0.17554,0.33016,516.9306
0.17554,0.40000,783.2883
0.18990,0.00400,114.3344
0.18990,0.00485,114.2880
0.18990,0.00587,114.2378
0.18990,0.00711,114.1856
0.18990,0.00862,114.1352
0.18990,0.01044,114.0930
0.18990,0.01265,114.0697
0.18990,0.01532,114.0827
0.18990,0.01857,114.1594
0.18990,0.02249,114.3429
0.18990,0.02725,114.6997
0.18990,0.03302,115.3325
0.18990,0.04000,116.3990
0.18990,0.04846,118.1416
0.18990,0.05871,120.9322
0.18990,0.07113,125.3443
0.18990,0.08618,132.2661
0.18990,0.10441,143.0823
0.18990,0.12649,159.9728
0.18990,0.15325,186.4112
0.18990,0.18566,228.0197
0.18990,0.22494,294.0791
0.18990,0.27252,400.2942
0.18990,0.33016,574.0858
0.18990,0.40000,865.2777
0.20544,0.00400,114.7248
0.20544,0.00485,114.7616
0.20544,0.00587,114.8123
0.20544,0.00711,114.8828
0.20544,0.00862,114.9815
0.20544,0.01044,115.1208
0.20544,0.01265,115.3186
0.20544,0.01532,115.6011
0.20544,0.01857,116.0070
0.20544,0.02249,116.5930
0.20544,0.02725,117.4431
0.20544,0.03302,118.6819
0.20544,0.04000,120.4952
0.20544,0.04846,123.1611
0.20544,0.05871,127.0984
0.20544,0.07113,132.9422
0.20544,0.08618,141.6629
0.20544,0.10441,154.7571
0.20544,0.12649,174.5598
0.20544,0.15325,204.7648
0.20544,0.18566,251.3145
0.20544,0.22494,323.9702
0.20544,0.27252,439.1839
0.20544,0.33016,625.5876
0.20544,0.40000,935.0701
0.22224,0.00400,115.0796
0.22224,0.00485,115.1916
0.22224,0.00587,115.3334
0.22224,0.00711,115.5144
0.22224,0.00862,115.7471
0.22224,0.01044,116.0488
0.22224,0.01265,116.4437
0.22224,0.01532,116.9653
0.22224,0.01857,117.6614
0.22224,0.02249,118.5998
0.22224,0.02725,119.8780
0.22224,0.03302,121.6372
0.22224,0.04000,124.0833
0.22224,0.04846,127.5195
0.22224,0.05871,132.3954
0.22224,0.07113,139.3842
0.22224,0.08618,149.5034
0.22224,0.10441,164.3086
0.22224,0.12649,186.2088
0.22224,0.15325,218.9906
0.22224,0.18566,268.7137
0.22224,0.22494,345.2882
0.22224,0.27252,465.3533
0.22224,0.33016,657.7748
0.22224,0.40000,974.7205
0.24042,0.00400,115.3590
0.24042,0.00485,115.5297
0.24042,0.00587,115.7426
0.24042,0.00711,116.0093
0.24042,0.00862,116.3457
0.24042,0.01044,116.7725
0.24042,0.01265,117.3181
0.24042,0.01532,118.0214
0.24042,0.01857,118.9358
0.24042,0.02249,120.1364
0.24042,0.02725,121.7285
0.24042,0.03302,123.8626
0.24042,0.04000,126.7547
0.24042,0.04846,130.7190
0.24042,0.05871,136.2158
0.24042,0.07113,143.9279
0.24042,0.08618,154.8787
0.24042,0.10441,170.6214
0.24042,0.12649,193.5465
0.24042,0.15325,227.3910
0.24042,0.18566,278.1085
0.24042,0.22494,355.3951
0.24042,0.27252,475.4731
0.24042,0.33016,666.3937
0.24042,0.40000,978.6998
0.26009,0.00400,115.5530
0.26009,0.00485,115.7641
0.26009,0.00587,116.0256
0.26009,0.00711,116.3508
0.26009,0.00862,116.7573
0.26009,0.01044,117.2681
0.26009,0.01265,117.9141
0.26009,0.01532,118.7368
0.26009,0.01857,119.7927
0.26009,0.02249,121.1599
0.26009,0.02725,122.9469
0.26009,0.03302,125.3065
0.26009,0.04000,128.4561
0.26009,0.04846,132.7082
0.26009,0.05871,138.5177
0.26009,0.07113,146.5533
0.26009,0.08618,157.8111
0.26009,0.10441,173.7937
0.26009,0.12649,196.8016
0.26009,0.15325,230.4151
0.26009,0.18566,280.3143
0.26009,0.22494,355.7165
0.26009,0.27252,471.9906
0.26009,0.33016,655.6266
0.26009,0.40000,954.2046
0.28137,0.00400,115.5930
0.28137,0.00485,115.8117
0.28137,0.00587,116.0822
0.28137,0.00711,116.4177
0.28137,0.00862,116.8358
0.28137,0.01044,117.3595
0.28137,0.01265,118.0193
0.28137,0.01532,118.8561
0.28137,0.01857,119.9253
0.28137,0.02249,121.3028
0.28137,0.02725,123.0937
0.28137,0.03302,125.4453
0.28137,0.04000,128.5660
0.28137,0.04846,132.7544
0.28137,0.05871,138.4430
0.28137,0.07113,146.2657
0.28137,0.08618,157.1636
0.28137,0.10441,172.5521
0.28137,0.12649,194.5925
0.28137,0.15325,226.6403
0.28137,0.18566,274.0060
0.28137,0.22494,345.2880
0.28137,0.27252,454.7901
0.28137,0.33016,627.1089
0.28137,0.40000,906.3107
0.30438,0.00400,115.4792
0.30438,0.00485,115.6733
0.30438,0.00587,115.9135
0.30438,0.00711,116.2121
0.30438,0.00862,116.5849
0.30438,0.01044,117.0528
0.30438,0.01265,117.6437
0.30438,0.01532,118.3951
0.30438,0.01857,119.3579
0.30438,0.02249,120.6024
0.30438,0.02725,122.2258
0.30438,0.03302,124.3649
0.30438,0.04000,127.2142
0.30438,0.04846,131.0524
0.30438,0.05871,136.2845
0.30438,0.07113,143.5052
0.30438,0.08618,153.5984
0.30438,0.10441,167.8953
0.30438,0.12649,188.4300
0.30438,0.15325,218.3621
0.30438,0.18566,262.6929
0.30438,0.22494,329.5174
0.30438,0.27252,432.2933
0.30438,0.33016,594.1354
0.30438,0.40000,856.3853
0.32928,0.00400,115.2435
0.32928,0.00485,115.3877
0.32928,0.00587,115.5674
0.32928,0.00711,115.7926
0.32928,0.00862,116.0763
0.32928,0.01044,116.4363
0.32928,0.01265,116.8962
0.32928,0.01532,117.4886
0.32928,0.01857,118.2584
0.32928,0.02249,119.2684
0.32928,0.02725,120.6067
0.32928,0.03302,122.3992
0.32928,0.04000,124.8262
0.32928,0.04846,128.1495
0.32928,0.05871,132.7526
0.32928,0.07113,139.2030
0.32928,0.08618,148.3502
0.32928,0.10441,161.4801
0.32928,0.12649,180.5668
0.32928,0.15325,208.6873
0.32928,0.18566,250.7245
0.32928,0.22494,314.5949
0.32928,0.27252,413.4689
0.32928,0.33016,569.9627
0.32928,0.40000,824.4740
0.35622,0.00400,114.9403
0.35622,0.00485,115.0209
0.35622,0.00587,115.1237
0.35622,0.00711,115.2560
0.35622,0.00862,115.4277
0.35622,0.01044,115.6527
0.35622,0.01265,115.9500
0.35622,0.01532,116.3470
0.35622,0.01857,116.8824
0.35622,0.02249,117.6116
0.35622,0.02725,118.6147
0.35622,0.03302,120.0082
0.35622,0.04000,121.9626
0.35622,0.04846,124.7295
0.35622,0.05871,128.6824
0.35622,0.07113,134.3811
0.35622,0.08618,142.6713
0.35622,0.10441,154.8445
0.35622,0.12649,172.8959
0.35622,0.15325,199.9509
0.35622,0.18566,240.9877
0.35622,0.22494,304.0955
0.35622,0.27252,402.7450
0.35622,0.33016,560.0580
0.35622,0.40000,817.2543
0.38536,0.00400,114.6514
0.38536,0.00485,114.6714
0.38536,0.00587,114.7012
0.38536,0.00711,114.7454
0.38536,0.00862,114.8109
0.38536,0.01044,114.9081
0.38536,0.01265,115.0519
0.38536,0.01532,115.2648
0.38536,0.01857,115.5799
0.38536,0.02249,116.0463
0.38536,0.02725,116.7371
0.38536,0.03302,117.7612
0.38536,0.04000,119.2814
0.38536,0.04846,121.5421
0.38536,0.05871,124.9114
0.38536,0.07113,129.9473
0.38536,0.08618,137.5013
0.38536,0.10441,148.8833
0.38536,0.12649,166.1291
0.38536,0.15325,192.4418
0.38536,0.18566,232.9385
0.38536,0.22494,295.9488
0.38536,0.27252,395.3487
0.38536,0.33016,554.9318
0.38536,0.40000,817.0067
0.41688,0.00400,114.4379
0.41688,0.00485,114.4128
0.41688,0.00587,114.3879
0.41688,0.00711,114.3658
0.41688,0.00862,114.3512
0.41688,0.01044,114.3512
0.41688,0.01265,114.3774
0.41688,0.01532,114.4478
0.41688,0.01857,114.5903
0.41688,0.02249,114.8478
0.41688,0.02725,115.2856
0.41688,0.03302,116.0035
0.41688,0.04000,117.1530
0.41688,0.04846,118.9648
0.41688,0.05871,121.7905
0.41688,0.07113,126.1678
0.41688,0.08618,132.9232
0.41688,0.10441,143.3354
0.41688,0.12649,159.4004
0.41688,0.15325,184.2688
0.41688,0.18566,222.9847
0.41688,0.22494,283.7688
0.41688,0.27252,380.3195
0.41688,0.33016,536.1089
0.41688,0.40000,792.7970
0.45098,0.00400,114.3282
0.45098,0.00485,114.2791
0.45098,0.00587,114.2249
0.45098,0.00711,114.1670
0.45098,0.00862,114.1081
0.45098,0.01044,114.0534
0.45098,0.01265,114.0119
0.45098,0.01532,113.9980
0.45098,0.01857,114.0351
0.45098,0.02249,114.1599
0.45098,0.02725,114.4296
0.45098,0.03302,114.9329
0.45098,0.04000,115.8061
0.45098,0.04846,117.2586
0.45098,0.05871,119.6121
0.45098,0.07113,123.3614
0.45098,0.08618,129.2706
0.45098,0.10441,138.5262
0.45098,0.12649,152.9860
0.45098,0.15325,175.5884
0.45098,0.18566,211.0464
0.45098,0.22494,267.0489
0.45098,0.27252,356.4175
0.45098,0.33016,501.1259
0.45098,0.40000,740.1647
0.48787,0.00400,114.3039
0.48787,0.00485,114.2491
0.48787,0.00587,114.1878
0.48787,0.00711,114.1208
0.48787,0.00862,114.0505
0.48787,0.01044,113.9811
0.48787,0.01265,113.9206
0.48787,0.01532,113.8819
0.48787,0.01857,113.8864
0.48787,0.02249,113.9678
0.48787,0.02725,114.1793
0.48787,0.03302,114.6036
0.48787,0.04000,115.3683
0.48787,0.04846,116.6705
0.48787,0.05871,118.8133
0.48787,0.07113,122.2643
0.48787,0.08618,127.7467
0.48787,0.10441,136.3851
0.48787,0.12649,149.9421
0.48787,0.15325,171.2092
0.48787,0.18566,204.6664
0.48787,0.22494,257.6292
0.48787,0.27252,342.3037
0.48787,0.33016,479.6235
0.48787,0.40000,706.7580
0.52778,0.00400,114.3169
0.52778,0.00485,114.2656
0.52778,0.00587,114.2087
0.52778,0.00711,114.1476
0.52778,0.00862,114.0851
0.52778,0.01044,114.0263
0.52778,0.01265,113.9800
0.52778,0.01532,113.9609
0.52778,0.01857,113.9923
0.52778,0.02249,114.1114
0.52778,0.02725,114.3758
0.52778,0.03302,114.8749
0.52778,0.04000,115.7468
0.52778,0.04846,117.2031
0.52778,0.05871,119.5696
0.52778,0.07113,123.3474
0.52778,0.08618,129.3109
0.52778,0.10441,138.6635
0.52778,0.12649,153.2897
0.52778,0.15325,176.1733
0.52778,0.18566,212.1024
0.52778,0.22494,268.8955
0.52778,0.27252,359.6028
0.52778,0.33016,506.6173
0.52778,0.40000,749.7342
0.57095,0.00400,114.3243
0.57095,0.00485,114.2761
0.57095,0.00587,114.2236
0.57095,0.00711,114.1689
0.57095,0.00862,114.1157
0.57095,0.01044,114.0704
0.57095,0.01265,114.0439
0.57095,0.01532,114.0536
0.57095,0.01857,114.1273
0.57095,0.02249,114.3083
0.57095,0.02725,114.6639
0.57095,0.03302,115.2976
0.57095,0.04000,116.3683
0.57095,0.04846,118.1193
0.57095,0.05871,120.9239
0.57095,0.07113,125.3554
0.57095,0.08618,132.2986
0.57095,0.10441,143.1268
0.57095,0.12649,159.9901
0.57095,0.15325,186.2909
0.57095,0.18566,227.4901
0.57095,0.22494,292.5077
0.57095,0.27252,396.2438
0.57095,0.33016,564.2941
0.57095,0.40000,842.2194
0.61766,0.00400,114.3277
0.61766,0.00485,114.2806
0.61766,0.00587,114.2296
0.61766,0.00711,114.1769
0.61766,0.00862,114.1265
0.61766,0.01044,114.0851
0.61766,0.01265,114.0641
0.61766,0.01532,114.0816
0.61766,0.01857,114.1664
0.61766,0.02249,114.3635
0.61766,0.02725,114.7423
0.61766,0.03302,115.4097
0.61766,0.04000,116.5298
0.61766,0.04846,118.3536
0.61766,0.05871,121.2660
0.61766,0.07113,125.8583
0.61766,0.08618,133.0430
0.61766,0.10441,144.2371
0.61766,0.12649,161.6599
0.61766,0.15325,188.8262
0.61766,0.18566,231.3828
0.61766,0.22494,298.5657
0.61766,0.27252,405.8283
0.61766,0.33016,579.7746
0.61766,0.40000,867.8912
0.66819,0.00400,114.3877
0.66819,0.00485,114.3514
0.66819,0.00587,114.3128
0.66819,0.00711,114.2739
0.66819,0.00862,114.2383
0.66819,0.01044,114.2122
0.66819,0.01265,114.2058
0.66819,0.01532,114.2351
0.66819,0.01857,114.3257
0.66819,0.02249,114.5170
0.66819,0.02725,114.8699
0.66819,0.03302,115.4778
0.66819,0.04000,116.4837
0.66819,0.04846,118.1066
0.66819,0.05871,120.6813
0.66819,0.07113,124.7225
0.66819,0.08618,131.0239
0.66819,0.10441,140.8183
0.66819,0.12649,156.0375
0.66819,0.15325,179.7433
0.66819,0.18566,216.8600
0.66819,0.22494,275.4547
0.66819,0.27252,369.0531
0.66819,0.33016,521.0030
0.66819,0.40000,773.1265
0.72284,0.00400,114.5811
0.72284,0.00485,114.5837
0.72284,0.00587,114.5912
0.72284,0.00711,114.6067
0.72284,0.00862,114.6348
0.72284,0.01044,114.6829
0.72284,0.01265,114.7616
0.72284,0.01532,114.8873
0.72284,0.01857,115.0845
0.72284,0.02249,115.3899
0.72284,0.02725,115.8589
0.72284,0.03302,116.5744
0.72284,0.04000,117.6613
0.72284,0.04846,119.3082
0.72284,0.05871,121.8007
0.72284,0.07113,125.5737
0.72284,0.08618,131.2938
0.72284,0.10441,139.9905
0.72284,0.12649,153.2706
0.72284,0.15325,173.6728
0.72284,0.18566,205.2717
0.72284,0.22494,254.7336
0.72284,0.27252,333.2299
0.72284,0.33016,460.0519
0.72284,0.40000,669.7997
0.78197,0.00400,114.9080
0.78197,0.00485,114.9795
0.78197,0.00587,115.0702
0.78197,0.00711,115.1864
0.78197,0.00862,115.3363
0.78197,0.01044,115.5315
0.78197,0.01265,115.7877
0.78197,0.01532,116.1277
0.78197,0.01857,116.5831
0.78197,0.02249,117.1993
0.78197,0.02725,118.0418
0.78197,0.03302,119.2054
0.78197,0.04000,120.8284
0.78197,0.04846,123.1148
0.78197,0.05871,126.3669
0.78197,0.07113,131.0370
0.78197,0.08618,137.8086
0.78197,0.10441,147.7246
0.78197,0.12649,162.3966
0.78197,0.15325,184.3505
0.78197,0.18566,217.6134
0.78197,0.22494,268.7387
0.78197,0.27252,348.6625
0.78197,0.33016,476.2081
0.78197,0.40000,685.0563
0.84594,0.00400,115.2180
0.84594,0.00485,115.3555
0.84594,0.00587,115.5267
0.84594,0.00711,115.7406
0.84594,0.00862,116.0095
0.84594,0.01044,116.3496
0.84594,0.01265,116.7827
0.84594,0.01532,117.3387
0.84594,0.01857,118.0586
0.84594,0.02249,118.9992
0.84594,0.02725,120.2406
0.84594,0.03302,121.8961
0.84594,0.04000,124.1284
0.84594,0.04846,127.1723
0.84594,0.05871,131.3717
0.84594,0.07113,137.2341
0.84594,0.08618,145.5180
0.84594,0.10441,157.3704
0.84594,0.12649,174.5498
0.84594,0.15325,199.7947
0.84594,0.18566,237.4478
0.84594,0.22494,294.5453
0.84594,0.27252,382.7885
0.84594,0.33016,522.2634
0.84594,0.40000,748.8392
0.91514,0.00400,115.2567
0.91514,0.00485,115.4013
0.91514,0.00587,115.5802
0.91514,0.00711,115.8028
0.91514,0.00862,116.0809
0.91514,0.01044,116.4302
0.91514,0.01265,116.8718
0.91514,0.01532,117.4339
0.91514,0.01857,118.1551
0.91514,0.02249,119.0883
0.91514,0.02725,120.3073
0.91514,0.03302,121.9158
0.91514,0.04000,124.0611
0.91514,0.04846,126.9550
0.91514,0.05871,130.9050
0.91514,0.07113,136.3629
0.91514,0.08618,144.0002
0.91514,0.10441,154.8280
0.91514,0.12649,170.3909
0.91514,0.15325,193.0858
0.91514,0.18566,226.7026
0.91514,0.22494,277.3664
0.91514,0.27252,355.2379
0.91514,0.33016,477.7212
0.91514,0.40000,675.8303
0.99000,0.00400,114.8724
0.99000,0.00485,114.9330
0.99000,0.00587,115.0090
0.99000,0.00711,115.1050
0.99000,0.00862,115.2271
0.99000,0.01044,115.3835
0.99000,0.01265,115.5855
0.99000,0.01532,115.8486
0.99000,0.01857,116.1948
0.99000,0.02249,116.6547
0.99000,0.02725,117.2721
0.99000,0.03302,118.1097
0.99000,0.04000,119.2585
0.99000,0.04846,120.8510
0.99000,0.05871,123.0827
0.99000,0.07113,126.2442
0.99000,0.08618,130.7725
0.99000,0.10441,137.3310
0.99000,0.12649,146.9412
0.99000,0.15325,161.1982
0.99000,0.18566,182.6371
0.99000,0.22494,215.3713
0.99000,0.27252,266.2459
0.99000,0.33016,347.0110
0.99000,0.40000,478.6334
1.00000,0.00800,115.0253
1.00000,0.01007,115.1595
1.00000,0.01267,115.3446
1.00000,0.01595,115.6035
1.00000,0.02007,115.9709
1.00000,0.02526,116.4997
1.00000,0.03178,117.2724
1.00000,0.04000,118.4179
1.00000,0.05034,120.1406
1.00000,0.06335,122.7681
1.00000,0.07973,126.8322
1.00000,0.10034,133.2083
1.00000,0.12628,143.3612
1.00000,0.15892,159.7911
1.00000,0.20000,186.8698
1.00000,0.25170,232.4772
1.00000,0.31676,311.3775
1.00000,0.39865,452.6608
1.00000,0.50170,717.6063
1.00000,0.63139,1247.6927
1.00000,0.79460,2415.7922
1.00000,1.00000,5520.6737
1.04729,0.00800,114.2372
1.04729,0.01007,114.1759
1.04729,0.01267,114.1126
1.04729,0.01595,114.0555
1.04729,0.02007,114.0195
1.04729,0.02526,114.0317
1.04729,0.03178,114.1398
1.04729,0.04000,114.4254
1.04729,0.05034,115.0282
1.04729,0.06335,116.1846
1.04729,0.07973,118.2959
1.04729,0.10034,122.0462
1.04729,0.12628,128.6121
1.04729,0.15892,140.0456
1.04729,0.20000,159.9971
1.04729,0.25170,195.1347
1.04729,0.31676,258.0843
1.04729,0.39865,373.9258
1.04729,0.50170,595.8191
1.04729,0.63139,1047.0598
1.04729,0.79460,2053.7720
1.04729,1.00000,4771.8520
1.09682,0.00800,113.5870
1.09682,0.01007,113.3570
1.09682,0.01267,113.0812
1.09682,0.01595,112.7562
1.09682,0.02007,112.3823
1.09682,0.02526,111.9681
1.09682,0.03178,111.5375
1.09682,0.04000,111.1422
1.09682,0.05034,110.8832
1.09682,0.06335,110.9472
1.09682,0.07973,111.6711
1.09682,0.10034,113.6549
1.09682,0.12628,117.9647
1.09682,0.15892,126.5047
1.09682,0.20000,142.7249
1.09682,0.25170,173.0159
1.09682,0.31676,229.6070
1.09682,0.39865,336.9857
1.09682,0.50170,547.3646
1.09682,0.63139,982.3388
1.09682,0.79460,1964.3055
1.09682,1.00000,4639.8711
1.14870,0.00800,113.2565
1.14870,0.01007,112.9403
1.14870,0.01267,112.5555
1.14870,0.01595,112.0923
1.14870,0.02007,111.5433
1.14870,0.02526,110.9066
1.14870,0.03178,110.1928
1.14870,0.04000,109.4356
1.14870,0.05034,108.7124
1.14870,0.06335,108.1781
1.14870,0.07973,108.1257
1.14870,0.10034,109.0942
1.14870,0.12628,112.0615
1.14870,0.15892,118.8022
1.14870,0.20000,132.5674
1.14870,0.25170,159.4289
1.14870,0.31676,211.0764
1.14870,0.39865,311.0200
1.14870,0.50170,509.5371
1.14870,0.63139,923.9265
1.14870,0.79460,1865.4151
1.14870,1.00000,4446.6198
1.20303,0.00800,113.3906
1.20303,0.01007,113.1053
1.20303,0.01267,112.7574
1.20303,0.01595,112.3372
1.20303,0.02007,111.8366
1.20303,0.02526,111.2521
1.20303,0.03178,110.5895
1.20303,0.04000,109.8739
1.20303,0.05034,109.1653
1.20303,0.06335,108.5880
1.20303,0.07973,108.3800
1.20303,0.10034,108.9834
1.20303,0.12628,111.2050
1.20303,0.15892,116.5150
1.20303,0.20000,127.6143
1.20303,0.25170,149.5569
1.20303,0.31676,192.0861
1.20303,0.39865,274.8127
1.20303,0.50170,439.6951
1.20303,0.63139,784.6548
1.20303,0.79460,1569.7930
1.20303,1.00000,3749.6272
1.25992,0.00800,113.9649
1.25992,0.01007,113.8232
1.25992,0.01267,113.6532
1.25992,0.01595,113.4523
1.25992,0.02007,113.2206
1.25992,0.02526,112.9626
1.25992,0.03178,112.6923
1.25992,0.04000,112.4398
1.25992,0.05034,112.2645
1.25992,0.06335,112.2771
1.25992,0.07973,112.6776
1.25992,0.10034,113.8227
1.25992,0.12628,116.3465
1.25992,0.15892,121.3830
1.25992,0.20000,130.9861
1.25992,0.25170,148.9594
1.25992,0.31676,182.5777
1.25992,0.39865,246.3960
1.25992,0.50170,371.4214
1.25992,0.63139,629.8454
1.25992,0.79460,1213.7230
1.25992,1.00000,2867.0241
1.31951,0.00800,114.7584
1.31951,0.01007,114.8193
1.31951,0.01267,114.9026
1.31951,0.01595,115.0182
1.31951,0.02007,115.1807
1.31951,0.02526,115.4127
1.31951,0.03178,115.7486
1.31951,0.04000,116.2426
1.31951,0.05034,116.9799
1.31951,0.06335,118.0967
1.31951,0.07973,119.8133
1.31951,0.10034,122.4913
1.31951,0.12628,126.7346
1.31951,0.15892,133.5708
1.31951,0.20000,144.7926
1.31951,0.25170,163.6229
1.31951,0.31676,196.0835
1.31951,0.39865,254.0058
1.31951,0.50170,362.2445
1.31951,0.63139,578.0996
1.31951,0.79460,1053.4179
1.31951,1.00000,2405.3632
1.38191,0.00800,115.4270
1.38191,0.01007,115.6607
1.38191,0.01267,115.9617
1.38191,0.01595,116.3511
1.38191,0.02007,116.8584
1.38191,0.02526,117.5242
1.38191,0.03178,118.4064
1.38191,0.04000,119.5880
1.38191,0.05034,121.1908
1.38191,0.06335,123.3967
1.38191,0.07973,126.4835
1.38191,0.10034,130.8845
1.38191,0.12628,137.2917
1.38191,0.15892,146.8400
1.38191,0.20000,161.4480
1.38191,0.25170,184.4752
1.38191,0.31676,222.0630
1.38191,0.39865,286.0593
1.38191,0.50170,400.9829
1.38191,0.63139,622.6656
1.38191,0.79460,1097.6556
1.38191,1.00000,2422.1290
1.44727,0.00800,115.6687
1.44727,0.01007,115.9649
1.44727,0.01267,116.3441
1.44727,0.01595,116.8320
1.44727,0.02007,117.4629
1.44727,0.02526,118.2840
1.44727,0.03178,119.3608
1.44727,0.04000,120.7862
1.44727,0.05034,122.6939
1.44727,0.06335,125.2806
1.44727,0.07973,128.8415
1.44727,0.10034,133.8301
1.44727,0.12628,140.9614
1.44727,0.15892,151.3933
1.44727,0.20000,167.0625
1.44727,0.25170,191.3294
1.44727,0.31676,230.2887
1.44727,0.39865,295.6234
1.44727,0.50170,411.3840
1.44727,0.63139,632.1224
1.44727,0.79460,1100.6878
1.44727,1.00000,2400.4372
1.51572,0.00800,115.3953
1.51572,0.01007,115.6185
1.51572,0.01267,115.9045
1.51572,0.01595,116.2729
1.51572,0.02007,116.7499
1.51572,0.02526,117.3717
1.51572,0.03178,118.1888
1.51572,0.04000,119.2728
1.51572,0.05034,120.7276
1.51572,0.06335,122.7059
1.51572,0.07973,125.4383
1.51572,0.10034,129.2802
1.51572,0.12628,134.7935
1.51572,0.15892,142.8914
1.51572,0.20000,155.1053
1.51572,0.25170,174.1005
1.51572,0.31676,204.7252
1.51572,0.39865,256.3023
1.51572,0.50170,348.0991
1.51572,0.63139,524.0585
1.51572,0.79460,900.4116
1.51572,1.00000,1981.7220
1.58740,0.00800,114.7886
1.58740,0.01007,114.8517
1.58740,0.01267,114.9344
1.58740,0.01595,115.0439
1.58740,0.02007,115.1902
1.58740,0.02526,115.3880
1.58740,0.03178,115.6591
1.58740,0.04000,116.0359
1.58740,0.05034,116.5680
1.58740,0.06335,117.3322
1.58740,0.07973,118.4497
1.58740,0.10034,120.1154
1.58740,0.12628,122.6485
1.58740,0.15892,126.5855
1.58740,0.20000,132.8511
1.58740,0.25170,143.0947
1.58740,0.31676,160.3807
1.58740,0.39865,190.7152
1.58740,0.50170,246.7351
1.58740,0.63139,357.8196
1.58740,0.79460,603.8167
1.58740,1.00000,1381.8467
1.66248,0.00800,114.1948
1.66248,0.01007,114.1022
1.66248,0.01267,113.9878
1.66248,0.01595,113.8470
1.66248,0.02007,113.6752
1.66248,0.02526,113.4675
1.66248,0.03178,113.2199
1.66248,0.04000,112.9305
1.66248,0.05034,112.6025
1.66248,0.06335,112.2489
1.66248,0.07973,111.9019
1.66248,0.10034,111.6289
1.66248,0.12628,111.5630
1.66248,0.15892,111.9589
1.66248,0.20000,113.3021
1.66248,0.25170,116.5272
1.66248,0.31676,123.4791
1.66248,0.39865,137.9559
1.66248,0.50170,168.2924
1.66248,0.63139,234.6420
1.66248,0.79460,394.3376
1.66248,1.00000,980.0518
1.74110,0.00800,113.9210
1.74110,0.01007,113.7567
1.74110,0.01267,113.5515
1.74110,0.01595,113.2957
1.74110,0.02007,112.9777
1.74110,0.02526,112.5838
1.74110,0.03178,112.0984
1.74110,0.04000,111.5040
1.74110,0.05034,110.7831
1.74110,0.06335,109.9202
1.74110,0.07973,108.9081
1.74110,0.10034,107.7580
1.74110,0.12628,106.5215
1.74110,0.15892,105.3315
1.74110,0.20000,104.4848
1.74110,0.25170,104.6121
1.74110,0.31676,107.0446
1.74110,0.39865,114.6609
1.74110,0.50170,134.0244
1.74110,0.63139,181.5423
1.74110,0.79460,305.5647
1.74110,1.00000,814.3069
1.82344,0.00800,114.0616
1.82344,0.01007,113.9332
1.82344,0.01267,113.7728
1.82344,0.01595,113.5730
1.82344,0.02007,113.3249
1.82344,0.02526,113.0178
1.82344,0.03178,112.6397
1.82344,0.04000,112.1775
1.82344,0.05034,111.6181
1.82344,0.06335,110.9506
1.82344,0.07973,110.1711
1.82344,0.10034,109.2917
1.82344,0.12628,108.3581
1.82344,0.15892,107.4837
1.82344,0.20000,106.9172
1.82344,0.25170,107.1827
1.82344,0.31676,109.3808
1.82344,0.39865,115.8860
1.82344,0.50170,132.1143
1.82344,0.63139,171.6658
1.82344,0.79460,275.2001
1.82344,1.00000,726.8596
1.90968,0.00800,114.4585
1.90968,0.01007,114.4324
1.90968,0.01267,114.4007
1.90968,0.01595,114.3625
1.90968,0.02007,114.3173
1.90968,0.02526,114.2649
1.90968,0.03178,114.2062
1.90968,0.04000,114.1441
1.90968,0.05034,114.0851
1.90968,0.06335,114.0422
1.90968,0.07973,114.0400
1.90968,0.10034,114.1236
1.90968,0.12628,114.3751
1.90968,0.15892,114.9437
1.90968,0.20000,116.1037
1.90968,0.25170,118.3704
1.90968,0.31676,122.7445
1.90968,0.39865,131.2693
1.90968,0.50170,148.4312
1.90968,0.63139,185.2446
1.90968,0.79460,274.6361
1.90968,1.00000,674.3318
2.00000,0.00800,114.8199
2.00000,0.01007,114.8871
2.00000,0.01267,114.9729
2.00000,0.01595,115.0824
2.00000,0.02007,115.2230
2.00000,0.02526,115.4043
2.00000,0.03178,115.6393
2.00000,0.04000,115.9464
2.00000,0.05034,116.3511
2.00000,0.06335,116.8901
2.00000,0.07973,117.6173
2.00000,0.10034,118.6135
2.00000,0.12628,120.0035
2.00000,0.15892,121.9855
2.00000,0.20000,124.8859
2.00000,0.25170,129.2642
2.00000,0.31676,136.1288
2.00000,0.39865,147.4156
2.00000,0.50170,167.1729
2.00000,0.63139,204.9972
2.00000,0.79460,289.1944
2.00000,1.00000,660.2283
2.02000,0.01000,114.8995
2.02000,0.01245,114.9949
2.02000,0.01551,115.1151
2.02000,0.01931,115.2670
2.02000,0.02404,115.4599
2.02000,0.02994,115.7056
2.02000,0.03728,116.0205
2.02000,0.04642,116.4267
2.02000,0.05780,116.9547
2.02000,0.07197,117.6480
2.02000,0.08962,118.5690
2.02000,0.11159,119.8098
2.02000,0.13895,121.5099
2.02000,0.17302,123.8870
2.02000,0.21544,127.2929
2.02000,0.26827,132.3188
2.02000,0.33405,140.0101
2.02000,0.41596,152.3348
2.02000,0.51795,173.3274
2.02000,0.64495,212.3615
2.02000,0.80309,296.5611
2.02000,1.00000,656.6508
2.13894,0.01000,114.9069
2.13894,0.01245,115.0035
2.13894,0.01551,115.1250
2.13894,0.01931,115.2781
2.13894,0.02404,115.4715
2.13894,0.02994,115.7168
2.13894,0.03728,116.0292
2.13894,0.04642,116.4294
2.13894,0.05780,116.9452
2.13894,0.07197,117.6155
2.13894,0.08962,118.4955
2.13894,0.11159,119.6649
2.13894,0.13895,121.2423
2.13894,0.17302,123.4094
2.13894,0.21544,126.4546
2.13894,0.26827,130.8557
2.13894,0.33405,137.4450
2.13894,0.41596,147.7736
2.13894,0.51795,165.0046
2.13894,0.64495,196.5231
2.13894,0.80309,264.3150
2.13894,1.00000,582.6765
2.26488,0.01000,114.5463
2.26488,0.01245,114.5535
2.26488,0.01551,114.5631
2.26488,0.01931,114.5758
2.26488,0.02404,114.5931
2.26488,0.02994,114.6169
2.26488,0.03728,114.6500
2.26488,0.04642,114.6967
2.26488,0.05780,114.7638
2.26488,0.07197,114.8616
2.26488,0.08962,115.0065
2.26488,0.11159,115.2246
2.26488,0.13895,115.5589
2.26488,0.17302,116.0812
2.26488,0.21544,116.9156
2.26488,0.26827,118.2831
2.26488,0.33405,120.5986
2.26488,0.41596,124.6917
2.26488,0.51795,132.3884
2.26488,0.64495,148.3542
2.26488,0.80309,188.3039
2.26488,1.00000,449.2380
2.39824,0.01000,114.3087
2.39824,0.01245,114.2571
2.39824,0.01551,114.1929
2.39824,0.01931,114.1135
2.39824,0.02404,114.0151
2.39824,0.02994,113.8935
2.39824,0.03728,113.7435
2.39824,0.04642,113.5592
2.39824,0.05780,113.3334
2.39824,0.07197,113.0584
2.39824,0.08962,112.7261
2.39824,0.11159,112.3291
2.39824,0.13895,111.8636
2.39824,0.17302,111.3342
2.39824,0.21544,110.7649
2.39824,0.26827,110.2241
2.39824,0.33405,109.8806
2.39824,0.41596,110.1473
2.39824,0.51795,112.0915
2.39824,0.64495,118.8696
2.39824,0.80309,142.8148
2.39824,1.00000,372.3663
2.53945,0.01000,114.4035
2.53945,0.01245,114.3750
2.53945,0.01551,114.3396
2.53945,0.01931,114.2958
2.53945,0.02404,114.2416
2.53945,0.02994,114.1748
2.53945,0.03728,114.0927
2.53945,0.04642,113.9921
2.53945,0.05780,113.8695
2.53945,0.07197,113.7212
2.53945,0.08962,113.5436
2.53945,0.11159,113.3344
2.53945,0.13895,113.0942
2.53945,0.17302,112.8303
2.53945,0.21544,112.5652
2.53945,0.26827,112.3544
2.53945,0.33405,112.3289
2.53945,0.41596,112.8051
2.53945,0.51795,114.6145
2.53945,0.64495,120.3176
2.53945,0.80309,140.6215
2.53945,1.00000,359.3891
2.68898,0.01000,114.5895
2.68898,0.01245,114.6066
2.68898,0.01551,114.6283
2.68898,0.01931,114.6556
2.68898,0.02404,114.6902
2.68898,0.02994,114.7343
2.68898,0.03728,114.7907
2.68898,0.04642,114.8633
2.68898,0.05780,114.9575
2.68898,0.07197,115.0809
2.68898,0.08962,115.2443
2.68898,0.11159,115.4640
2.68898,0.13895,115.7642
2.68898,0.17302,116.1833
2.68898,0.21544,116.7839
2.68898,0.26827,117.6738
2.68898,0.33405,119.0519
2.68898,0.41596,121.3205
2.68898,0.51795,125.4101
2.68898,0.64495,133.9576
2.68898,0.80309,157.5550
2.68898,1.00000,379.1345
2.84731,0.01000,114.6041
2.84731,0.01245,114.6248
2.84731,0.01551,114.6508
2.84731,0.01931,114.6835
2.84731,0.02404,114.7247
2.84731,0.02994,114.7769
2.84731,0.03728,114.8432
2.84731,0.04642,114.9278
2.84731,0.05780,115.0365
2.84731,0.07197,115.1771
2.84731,0.08962,115.3606
2.84731,0.11159,115.6030
2.84731,0.13895,115.9279
2.84731,0.17302,116.3713
2.84731,0.21544,116.9909
2.84731,0.26827,117.8844
2.84731,0.33405,119.2290
2.84731,0.41596,121.3813
2.84731,0.51795,125.1696
2.84731,0.64495,132.9854
2.84731,0.80309,154.7565
2.84731,1.00000,371.0778
3.01496,0.01000,114.5085
3.01496,0.01245,114.5056
3.01496,0.01551,114.5019
3.01496,0.01931,114.4976
3.01496,0.02404,114.4923
3.01496,0.02994,114.4861
3.01496,0.03728,114.4789
3.01496,0.04642,114.4708
3.01496,0.05780,114.4619
3.01496,0.07197,114.4530
3.01496,0.08962,114.4454
3.01496,0.11159,114.4416
3.01496,0.13895,114.4466
3.01496,0.17302,114.4698
3.01496,0.21544,114.5296
3.01496,0.26827,114.6629
3.01496,0.33405,114.9499
3.01496,0.41596,115.5817
3.01496,0.51795,117.0841
3.01496,0.64495,121.2401
3.01496,0.80309,136.5802
3.01496,1.00000,339.6184
3.19249,0.01000,114.4832
3.19249,0.01245,114.4740
3.19249,0.01551,114.4625
3.19249,0.01931,114.4484
3.19249,0.02404,114.4308
3.19249,0.02994,114.4092
3.19249,0.03728,114.3825
3.19249,0.04642,114.3499
3.19249,0.05780,114.3100
3.19249,0.07197,114.2616
3.19249,0.08962,114.2035
3.19249,0.11159,114.1348
3.19249,0.13895,114.0557
3.19249,0.17302,113.9685
3.19249,0.21544,113.8814
3.19249,0.26827,113.8160
3.19249,0.33405,113.8274
3.19249,0.41596,114.0649
3.19249,0.51795,114.9788
3.19249,0.64495,118.2025
3.19249,0.80309,131.9324
3.19249,1.00000,331.8302
3.38046,0.01000,114.5250
3.38046,0.01245,114.5260
3.38046,0.01551,114.5273
3.38046,0.01931,114.5291
3.38046,0.02404,114.5315
3.38046,0.02994,114.5347
3.38046,0.03728,114.5390
3.38046,0.04642,114.5451
3.38046,0.05780,114.5537
3.38046,0.07197,114.5660
3.38046,0.08962,114.5840
3.38046,0.11159,114.6108
3.38046,0.13895,114.6517
3.38046,0.17302,114.7159
3.38046,0.21544,114.8198
3.38046,0.26827,114.9960
3.38046,0.33405,115.3134
3.38046,0.41596,115.9379
3.38046,0.51795,117.3369
3.38046,0.64495,121.1518
3.38046,0.80309,135.5399
3.38046,1.00000,336.0968
3.57951,0.01000,114.5364
3.57951,0.01245,114.5402
3.57951,0.01551,114.5451
3.57951,0.01931,114.5512
3.57951,0.02404,114.5591
3.57951,0.02994,114.5691
3.57951,0.03728,114.5820
3.57951,0.04642,114.5987
3.57951,0.05780,114.6205
3.57951,0.07197,114.6495
3.57951,0.08962,114.6884
3.57951,0.11159,114.7414
3.57951,0.13895,114.8153
3.57951,0.17302,114.9209
3.57951,0.21544,115.0774
3.57951,0.26827,115.3199
3.57951,0.33405,115.7213
3.57951,0.41596,116.4520
3.57951,0.51795,117.9839
3.57951,0.64495,121.9599
3.57951,0.80309,136.5236
3.57951,1.00000,337.2217
3.79028,0.01000,114.5188
3.79028,0.01245,114.5183
3.79028,0.01551,114.5177
3.79028,0.01931,114.5171
3.79028,0.02404,114.5164
3.79028,0.02994,114.5157
3.79028,0.03728,114.5151
3.79028,0.04642,114.5149
3.79028,0.05780,114.5154
3.79028,0.07197,114.5173
3.79028,0.08962,114.5216
3.79028,0.11159,114.5303
3.79028,0.13895,114.5470
3.79028,0.17302,114.5781
3.79028,0.21544,114.6361
3.79028,0.26827,114.7464
3.79028,0.33405,114.9663
3.79028,0.41596,115.4404
3.79028,0.51795,116.5943
3.79028,0.64495,119.9795
3.79028,0.80309,133.5312
3.79028,1.00000,332.1223
4.01345,0.01000,114.5171
4.01345,0.01245,114.5161
4.01345,0.01551,114.5150
4.01345,0.01931,114.5136
4.01345,0.02404,114.5121
4.01345,0.02994,114.5103
4.01345,0.03728,114.5084
4.01345,0.04642,114.5064
4.01345,0.05780,114.5047
4.01345,0.07197,114.5037
4.01345,0.08962,114.5043
4.01345,0.11159,114.5083
4.01345,0.13895,114.5187
4.01345,0.17302,114.5415
4.01345,0.21544,114.5881
4.01345,0.26827,114.6828
4.01345,0.33405,114.8803
4.01345,0.41596,115.3212
4.01345,0.51795,116.4232
4.01345,0.64495,119.7214
4.01345,0.80309,133.1117
4.01345,1.00000,331.3334
4.24977,0.01000,114.5235
4.24977,0.01245,114.5241
4.24977,0.01551,114.5249
4.24977,0.01931,114.5261
4.24977,0.02404,114.5276
4.24977,0.02994,114.5296
4.24977,0.03728,114.5325
4.24977,0.04642,114.5366
4.24977,0.05780,114.5424
4.24977,0.07197,114.5509
4.24977,0.08962,114.5636
4.24977,0.11159,114.5827
4.24977,0.13895,114.6124
4.24977,0.17302,114.6597
4.24977,0.21544,114.7378
4.24977,0.26827,114.8731
4.24977,0.33405,115.1239
4.24977,0.41596,115.6353
4.24977,0.51795,116.8326
4.24977,0.64495,120.2630
4.24977,0.80309,133.8454
4.24977,1.00000,332.4276
4.50000,0.01000,114.5222
4.50000,0.01245,114.5225
4.50000,0.01551,114.5230
4.50000,0.01931,114.5236
4.50000,0.02404,114.5245
4.50000,0.02994,114.5259
4.50000,0.03728,114.5278
4.50000,0.04642,114.5307
4.50000,0.05780,114.5350
4.50000,0.07197,114.5416
4.50000,0.08962,114.5518
4.50000,0.11159,114.5678
4.50000,0.13895,114.5934
4.50000,0.17302,114.6355
4.50000,0.21544,114.7067
4.50000,0.26827,114.8329
4.50000,0.33405,115.0712
4.50000,0.41596,115.5651
4.50000,0.51795,116.7371
4.50000,0.64495,120.1286
4.50000,0.80309,133.6463
4.50000,1.00000,332.1042
4.52000,0.01000,114.5220
4.52000,0.01245,114.5223
4.52000,0.01551,114.5226
4.52000,0.01931,114.5232
4.52000,0.02404,114.5240
4.52000,0.02994,114.5251
4.52000,0.03728,114.5269
4.52000,0.04642,114.5295
4.52000,0.05780,114.5336
4.52000,0.07197,114.5398
4.52000,0.08962,114.5496
4.52000,0.11159,114.5650
4.52000,0.13895,114.5899
4.52000,0.17302,114.6310
4.52000,0.21544,114.7010
4.52000,0.26827,114.8256
4.52000,0.33405,115.0616
4.52000,0.41596,115.5525
4.52000,0.51795,116.7200
4.52000,0.64495,120.1047
4.52000,0.80309,133.6113
4.52000,1.00000,332.0456
4.78378,0.01000,114.5208
4.78378,0.01245,114.5207
4.78378,0.01551,114.5207
4.78378,0.01931,114.5208
4.78378,0.02404,114.5210
4.78378,0.02994,114.5214
4.78378,0.03728,114.5222
4.78378,0.04642,114.5237
4.78378,0.05780,114.5262
4.78378,0.07197,114.5306
4.78378,0.08962,114.5379
4.78378,0.11159,114.5503
4.78378,0.13895,114.5713
4.78378,0.17302,114.6072
4.78378,0.21544,114.6705
4.78378,0.26827,114.7860
4.78378,0.33405,115.0097
4.78378,0.41596,115.4832
4.78378,0.51795,116.6253
4.78378,0.64495,119.9705
4.78378,0.80309,133.4085
4.78378,1.00000,331.6820
5.06296,0.01000,114.5217
5.06296,0.01245,114.5219
5.06296,0.01551,114.5222
5.06296,0.01931,114.5227
5.06296,0.02404,114.5233
5.06296,0.02994,114.5244
5.06296,0.03728,114.5259
5.06296,0.04642,114.5283
5.06296,0.05780,114.5320
5.06296,0.07197,114.5378
5.06296,0.08962,114.5470
5.06296,0.11159,114.5618
5.06296,0.13895,114.5857
5.06296,0.17302,114.6256
5.06296,0.21544,114.6938
5.06296,0.26827,114.8159
5.06296,0.33405,115.0484
5.06296,0.41596,115.5338
5.06296,0.51795,116.6926
5.06296,0.64495,120.0621
5.06296,0.80309,133.5388
5.06296,1.00000,331.8926
5.35843,0.01000,114.5216
5.35843,0.01245,114.5218
5.35843,0.01551,114.5220
5.35843,0.01931,114.5224
5.35843,0.02404,114.5231
5.35843,0.02994,114.5240
5.35843,0.03728,114.5255
5.35843,0.04642,114.5277
5.35843,0.05780,114.5313
5.35843,0.07197,114.5370
5.35843,0.08962,114.5459
5.35843,0.11159,114.5604
5.35843,0.13895,114.5840
5.35843,0.17302,114.6233
5.35843,0.21544,114.6909
5.35843,0.26827,114.8121
5.35843,0.33405,115.0434
5.35843,0.41596,115.5273
5.35843,0.51795,116.6838
5.35843,0.64495,120.0500
5.35843,0.80309,133.5217
5.35843,1.00000,331.8713
5.67114,0.01000,114.5214
5.67114,0.01245,114.5215
5.67114,0.01551,114.5217
5.67114,0.01931,114.5220
5.67114,0.02404,114.5226
5.67114,0.02994,114.5234
5.67114,0.03728,114.5247
5.67114,0.04642,114.5268
5.67114,0.05780,114.5301
5.67114,0.07197,114.5354
5.67114,0.08962,114.5440
5.67114,0.11159,114.5579
5.67114,0.13895,114.5809
5.67114,0.17302,114.6194
5.67114,0.21544,114.6859
5.67114,0.26827,114.8056
5.67114,0.33405,115.0350
5.67114,0.41596,115.5161
5.67114,0.51795,116.6686
5.67114,0.64495,120.0288
5.67114,0.80309,133.4900
5.67114,1.00000,331.8128
6.00210,0.01000,114.5216
6.00210,0.01245,114.5217
6.00210,0.01551,114.5220
6.00210,0.01931,114.5224
6.00210,0.02404,114.5230
6.00210,0.02994,114.5239
6.00210,0.03728,114.5253
6.00210,0.04642,114.5276
6.00210,0.05780,114.5311
6.00210,0.07197,114.5367
6.00210,0.08962,114.5456
6.00210,0.11159,114.5599
6.00210,0.13895,114.5834
6.00210,0.17302,114.6226
6.00210,0.21544,114.6900
6.00210,0.26827,114.8110
6.00210,0.33405,115.0419
6.00210,0.41596,115.5251
6.00210,0.51795,116.6807
6.00210,0.64495,120.0454
6.00210,0.80309,133.5139
6.00210,1.00000,331.8524
6.35238,0.01000,114.5215
6.35238,0.01245,114.5216
6.35238,0.01551,114.5219
6.35238,0.01931,114.5222
6.35238,0.02404,114.5228
6.35238,0.02994,114.5237
6.35238,0.03728,114.5250
6.35238,0.04642,114.5272
6.35238,0.05780,114.5306
6.35238,0.07197,114.5361
6.35238,0.08962,114.5449
6.35238,0.11159,114.5590
6.35238,0.13895,114.5822
6.35238,0.17302,114.6211
6.35238,0.21544,114.6881
6.35238,0.26827,114.8085
6.35238,0.33405,115.0387
6.35238,0.41596,115.5209
6.35238,0.51795,116.6751
6.35238,0.64495,120.0378
6.35238,0.80309,133.5031
6.35238,1.00000,331.8364
6.72309,0.01000,114.5215
6.72309,0.01245,114.5217
6.72309,0.01551,114.5219
6.72309,0.01931,114.5223
6.72309,0.02404,114.5228
6.72309,0.02994,114.5237
6.72309,0.03728,114.5251
6.72309,0.04642,114.5273
6.72309,0.05780,114.5308
6.72309,0.07197,114.5363
6.72309,0.08962,114.5451
6.72309,0.11159,114.5593
6.72309,0.13895,114.5826
6.72309,0.17302,114.6216
6.72309,0.21544,114.6887
6.72309,0.26827,114.8093
6.72309,0.33405,115.0397
6.72309,0.41596,115.5223
6.72309,0.51795,116.6770
6.72309,0.64495,120.0402
6.72309,0.80309,133.5064
6.72309,1.00000,331.8401
7.11545,0.01000,114.5215
7.11545,0.01245,114.5217
7.11545,0.01551,114.5219
7.11545,0.01931,114.5223
7.11545,0.02404,114.5228
7.11545,0.02994,114.5237
7.11545,0.03728,114.5251
7.11545,0.04642,114.5273
7.11545,0.05780,114.5308
7.11545,0.07197,114.5362
7.11545,0.08962,114.5450
7.11545,0.11159,114.5592
7.11545,0.13895,114.5825
7.11545,0.17302,114.6215
7.11545,0.21544,114.6886
7.11545,0.26827,114.8091
7.11545,0.33405,115.0395
7.11545,0.41596,115.5219
7.11545,0.51795,116.6764
7.11545,0.64495,120.0395
7.11545,0.80309,133.5056
7.11545,1.00000,331.8397
7.53070,0.01000,114.5215
7.53070,0.01245,114.5217
7.53070,0.01551,114.5219
7.53070,0.01931,114.5223
7.53070,0.02404,114.5228
7.53070,0.02994,114.5237
7.53070,0.03728,114.5251
7.53070,0.04642,114.5273
7.53070,0.05780,114.5308
7.53070,0.07197,114.5363
7.53070,0.08962,114.5451
7.53070,0.11159,114.5593
7.53070,0.13895,114.5825
7.53070,0.17302,114.6215
7.53070,0.21544,114.6886
7.53070,0.26827,114.8091
7.53070,0.33405,115.0395
7.53070,0.41596,115.5220
7.53070,0.51795,116.6766
7.53070,0.64495,120.0397
7.53070,0.80309,133.5058
7.53070,1.00000,331.8395
7.97018,0.01000,114.5215
7.97018,0.01245,114.5217
7.97018,0.01551,114.5219
7.97018,0.01931,114.5223
7.97018,0.02404,114.5228
7.97018,0.02994,114.5237
7.97018,0.03728,114.5251
7.97018,0.04642,114.5273
7.97018,0.05780,114.5308
7.97018,0.07197,114.5363
7.97018,0.08962,114.5450
7.97018,0.11159,114.5593
7.97018,0.13895,114.5825
7.97018,0.17302,114.6215
7.97018,0.21544,114.6886
7.97018,0.26827,114.8091
7.97018,0.33405,115.0395
7.97018,0.41596,115.5220
7.97018,0.51795,116.6765
7.97018,0.64495,120.0397
7.97018,0.80309,133.5057
7.97018,1.00000,331.8396
8.43531,0.01000,114.5215
8.43531,0.01245,114.5217
8.43531,0.01551,114.5219
8.43531,0.01931,114.5223
8.43531,0.02404,114.5228
8.43531,0.02994,114.5237
8.43531,0.03728,114.5251
8.43531,0.04642,114.5273
8.43531,0.05780,114.5308
8.43531,0.07197,114.5363
8.43531,0.08962,114.5450
8.43531,0.11159,114.5593
8.43531,0.13895,114.5825
8.43531,0.17302,114.6215
8.43531,0.21544,114.6886
8.43531,0.26827,114.8091
8.43531,0.33405,115.0395
8.43531,0.41596,115.5220
8.43531,0.51795,116.6765
8.43531,0.64495,120.0397
8.43531,0.80309,133.5057
8.43531,1.00000,331.8396
8.92759,0.01000,114.5215
8.92759,0.01245,114.5217
8.92759,0.01551,114.5219
8.92759,0.01931,114.5223
8.92759,0.02404,114.5228
8.92759,0.02994,114.5237
8.92759,0.03728,114.5251
8.92759,0.04642,114.5273
8.92759,0.05780,114.5308
8.92759,0.07197,114.5363
8.92759,0.08962,114.5450
8.92759,0.11159,114.5593
8.92759,0.13895,114.5825
8.92759,0.17302,114.6215
8.92759,0.21544,114.6886
8.92759,0.26827,114.8091
8.92759,0.33405,115.0395
8.92759,0.41596,115.5220
8.92759,0.51795,116.6766
8.92759,0.64495,120.0397
8.92759,0.80309,133.5057
8.92759,1.00000,331.8396
9.44859,0.01000,114.5215
9.44859,0.01245,114.5217
9.44859,0.01551,114.5219
9.44859,0.01931,114.5223
9.44859,0.02404,114.5228
9.44859,0.02994,114.5237
9.44859,0.03728,114.5251
9.44859,0.04642,114.5273
9.44859,0.05780,114.5308
9.44859,0.07197,114.5363
9.44859,0.08962,114.5450
9.44859,0.11159,114.5593
9.44859,0.13895,114.5825
9.44859,0.17302,114.6215
9.44859,0.21544,114.6886
9.44859,0.26827,114.8091
9.44859,0.33405,115.0395
9.44859,0.41596,115.5220
9.44859,0.51795,116.6765
9.44859,0.64495,120.0397
9.44859,0.80309,133.5057
9.44859,1.00000,331.8396
10.00000,0.01000,114.5215
10.00000,0.01245,114.5217
10.00000,0.01551,114.5219
10.00000,0.01931,114.5223
10.00000,0.02404,114.5228
10.00000,0.02994,114.5237
10.00000,0.03728,114.5251
10.00000,0.04642,114.5273
10.00000,0.05780,114.5308
10.00000,0.07197,114.5363
10.00000,0.08962,114.5450
10.00000,0.11159,114.5593
10.00000,0.13895,114.5825
10.00000,0.17302,114.6215
10.00000,0.21544,114.6886
10.00000,0.26827,114.8091
10.00000,0.33405,115.0395
10.00000,0.41596,115.5220
10.00000,0.51795,116.6765
10.00000,0.64495,120.0397
10.00000,0.80309,133.5057
10.00000,1.00000,331.8396
