0.08000,0.01000,93.5760
0.08000,0.01030,93.9646
0.08000,0.01060,94.3696
0.08000,0.01091,94.7920
0.08000,0.01124,95.2325
0.08000,0.01157,95.6920
0.08000,0.01191,96.1714
0.08000,0.01226,96.6717
0.08000,0.01263,97.1940
0.08000,0.01300,97.7393
0.08000,0.01338,98.3087
0.08000,0.01378,98.9035
0.08000,0.01419,99.5250
0.08000,0.01461,100.1744
0.08000,0.01504,100.8532
0.08000,0.01548,101.5630
0.08000,0.01594,102.3052
0.08000,0.01641,103.0815
0.08000,0.01690,103.8938
0.08000,0.01740,104.7438
0.08000,0.01791,105.6336
0.08000,0.01844,106.5651
0.08000,0.01899,107.5407
0.08000,0.01955,108.5625
0.08000,0.02013,109.6331
0.08000,0.02072,110.7551
0.08000,0.02134,111.9311
0.08000,0.02197,113.1641
0.08000,0.02262,114.4572
0.08000,0.02329,115.8135
0.08000,0.02397,117.2366
0.08000,0.02468,118.7299
0.08000,0.02541,120.2975
0.08000,0.02617,121.9433
0.08000,0.02694,123.6716
0.08000,0.02774,125.4871
0.08000,0.02856,127.3944
0.08000,0.02940,129.3989
0.08000,0.03027,131.5057
0.08000,0.03117,133.7208
0.08000,0.03209,136.0502
0.08000,0.03304,138.5003
0.08000,0.03401,141.0780
0.08000,0.03502,143.7906
0.08000,0.03605,146.6457
0.08000,0.03712,149.6514
0.08000,0.03822,152.8166
0.08000,0.03935,156.1503
0.08000,0.04051,159.6622
0.08000,0.04171,163.3629
0.08000,0.04294,167.2632
0.08000,0.04421,171.3748
0.08000,0.04552,175.7101
0.08000,0.04687,180.2824
0.08000,0.04826,185.1055
0.08000,0.04968,190.1945
0.08000,0.05115,195.5650
0.08000,0.05266,201.2340
0.08000,0.05422,207.2193
0.08000,0.05583,213.5399
0.08000,0.05748,220.2161
0.08000,0.05918,227.2693
0.08000,0.06093,234.7226
0.08000,0.06273,242.6003
0.08000,0.06458,250.9285
0.08000,0.06649,259.7347
0.08000,0.06846,269.0485
0.08000,0.07049,278.9012
0.08000,0.07257,289.3265
0.08000,0.07472,300.3599
0.08000,0.07693,312.0395
0.08000,0.07920,324.4061
0.08000,0.08154,337.5028
0.08000,0.08396,351.3759
0.08000,0.08644,366.0749
0.08000,0.08900,381.6523
0.08000,0.09163,398.1647
0.08000,0.09434,415.6720
0.08000,0.09713,434.2388
0.08000,0.10000,453.9336
0.08277,0.01000,91.7496
0.08277,0.01030,92.0783
0.08277,0.01060,92.4214
0.08277,0.01091,92.7796
0.08277,0.01124,93.1536
0.08277,0.01157,93.5442
0.08277,0.01191,93.9523
0.08277,0.01226,94.3787
0.08277,0.01263,94.8243
0.08277,0.01300,95.2901
0.08277,0.01338,95.7772
0.08277,0.01378,96.2866
0.08277,0.01419,96.8195
0.08277,0.01461,97.3770
0.08277,0.01504,97.9606
0.08277,0.01548,98.5714
0.08277,0.01594,99.2110
0.08277,0.01641,99.8809
0.08277,0.01690,100.5825
0.08277,0.01740,101.3177
0.08277,0.01791,102.0882
0.08277,0.01844,102.8959
0.08277,0.01899,103.7427
0.08277,0.01955,104.6308
0.08277,0.02013,105.5624
0.08277,0.02072,106.5399
0.08277,0.02134,107.5656
0.08277,0.02197,108.6424
0.08277,0.02262,109.7729
0.08277,0.02329,110.9601
0.08277,0.02397,112.2071
0.08277,0.02468,113.5172
0.08277,0.02541,114.8940
0.08277,0.02617,116.3412
0.08277,0.02694,117.8626
0.08277,0.02774,119.4625
0.08277,0.02856,121.1452
0.08277,0.02940,122.9154
0.08277,0.03027,124.7782
0.08277,0.03117,126.7387
0.08277,0.03209,128.8025
0.08277,0.03304,130.9755
0.08277,0.03401,133.2640
0.08277,0.03502,135.6747
0.08277,0.03605,138.2147
0.08277,0.03712,140.8913
0.08277,0.03822,143.7126
0.08277,0.03935,146.6869
0.08277,0.04051,149.8234
0.08277,0.04171,153.1314
0.08277,0.04294,156.6211
0.08277,0.04421,160.3032
0.08277,0.04552,164.1891
0.08277,0.04687,168.2911
0.08277,0.04826,172.6218
0.08277,0.04968,177.1952
0.08277,0.05115,182.0257
0.08277,0.05266,187.1288
0.08277,0.05422,192.5210
0.08277,0.05583,198.2199
0.08277,0.05748,204.2441
0.08277,0.05918,210.6136
0.08277,0.06093,217.3493
0.08277,0.06273,224.4740
0.08277,0.06458,232.0116
0.08277,0.06649,239.9876
0.08277,0.06846,248.4293
0.08277,0.07049,257.3657
0.08277,0.07257,266.8278
0.08277,0.07472,276.8485
0.08277,0.07693,287.4632
0.08277,0.07920,298.7093
0.08277,0.08154,310.6269
0.08277,0.08396,323.2590
0.08277,0.08644,336.6510
0.08277,0.08900,350.8519
0.08277,0.09163,365.9139
0.08277,0.09434,381.8926
0.08277,0.09713,398.8476
0.08277,0.10000,416.8427
0.08563,0.01000,88.5884
0.08563,0.01030,88.8192
0.08563,0.01060,89.0611
0.08563,0.01091,89.3149
0.08563,0.01124,89.5811
0.08563,0.01157,89.8603
0.08563,0.01191,90.1534
0.08563,0.01226,90.4611
0.08563,0.01263,90.7840
0.08563,0.01300,91.1232
0.08563,0.01338,91.4794
0.08563,0.01378,91.8536
0.08563,0.01419,92.2468
0.08563,0.01461,92.6601
0.08563,0.01504,93.0945
0.08563,0.01548,93.5512
0.08563,0.01594,94.0314
0.08563,0.01641,94.5366
0.08563,0.01690,95.0679
0.08563,0.01740,95.6271
0.08563,0.01791,96.2155
0.08563,0.01844,96.8349
0.08563,0.01899,97.4870
0.08563,0.01955,98.1737
0.08563,0.02013,98.8968
0.08563,0.02072,99.6586
0.08563,0.02134,100.4613
0.08563,0.02197,101.3071
0.08563,0.02262,102.1985
0.08563,0.02329,103.1382
0.08563,0.02397,104.1290
0.08563,0.02468,105.1738
0.08563,0.02541,106.2758
0.08563,0.02617,107.4383
0.08563,0.02694,108.6648
0.08563,0.02774,109.9591
0.08563,0.02856,111.3251
0.08563,0.02940,112.7672
0.08563,0.03027,114.2896
0.08563,0.03117,115.8973
0.08563,0.03209,117.5953
0.08563,0.03304,119.3888
0.08563,0.03401,121.2837
0.08563,0.03502,123.2859
0.08563,0.03605,125.4019
0.08563,0.03712,127.6385
0.08563,0.03822,130.0029
0.08563,0.03935,132.5030
0.08563,0.04051,135.1467
0.08563,0.04171,137.9429
0.08563,0.04294,140.9008
0.08563,0.04421,144.0303
0.08563,0.04552,147.3418
0.08563,0.04687,150.8464
0.08563,0.04826,154.5560
0.08563,0.04968,158.4832
0.08563,0.05115,162.6415
0.08563,0.05266,167.0450
0.08563,0.05422,171.7090
0.08563,0.05583,176.6496
0.08563,0.05748,181.8842
0.08563,0.05918,187.4310
0.08563,0.06093,193.3096
0.08563,0.06273,199.5409
0.08563,0.06458,206.1471
0.08563,0.06649,213.1519
0.08563,0.06846,220.5804
0.08563,0.07049,228.4597
0.08563,0.07257,236.8185
0.08563,0.07472,245.6875
0.08563,0.07693,255.0993
0.08563,0.07920,265.0889
0.08563,0.08154,275.6936
0.08563,0.08396,286.9533
0.08563,0.08644,298.9104
0.08563,0.08900,311.6106
0.08563,0.09163,325.1024
0.08563,0.09434,339.4379
0.08563,0.09713,354.6726
0.08563,0.10000,370.8661
0.08859,0.01000,83.8324
0.08859,0.01030,83.9175
0.08859,0.01060,84.0092
0.08859,0.01091,84.1079
0.08859,0.01124,84.2142
0.08859,0.01157,84.3284
0.08859,0.01191,84.4512
0.08859,0.01226,84.5831
0.08859,0.01263,84.7247
0.08859,0.01300,84.8767
0.08859,0.01338,85.0397
0.08859,0.01378,85.2145
0.08859,0.01419,85.4018
0.08859,0.01461,85.6025
0.08859,0.01504,85.8174
0.08859,0.01548,86.0475
0.08859,0.01594,86.2938
0.08859,0.01641,86.5573
0.08859,0.01690,86.8391
0.08859,0.01740,87.1405
0.08859,0.01791,87.4626
0.08859,0.01844,87.8069
0.08859,0.01899,88.1748
0.08859,0.01955,88.5678
0.08859,0.02013,88.9876
0.08859,0.02072,89.4357
0.08859,0.02134,89.9142
0.08859,0.02197,90.4249
0.08859,0.02262,90.9700
0.08859,0.02329,91.5516
0.08859,0.02397,92.1720
0.08859,0.02468,92.8339
0.08859,0.02541,93.5398
0.08859,0.02617,94.2926
0.08859,0.02694,95.0952
0.08859,0.02774,95.9510
0.08859,0.02856,96.8632
0.08859,0.02940,97.8356
0.08859,0.03027,98.8719
0.08859,0.03117,99.9763
0.08859,0.03209,101.1532
0.08859,0.03304,102.4073
0.08859,0.03401,103.7433
0.08859,0.03502,105.1667
0.08859,0.03605,106.6831
0.08859,0.03712,108.2984
0.08859,0.03822,110.0190
0.08859,0.03935,111.8516
0.08859,0.04051,113.8035
0.08859,0.04171,115.8824
0.08859,0.04294,118.0963
0.08859,0.04421,120.4542
0.08859,0.04552,122.9652
0.08859,0.04687,125.6392
0.08859,0.04826,128.4868
0.08859,0.04968,131.5192
0.08859,0.05115,134.7484
0.08859,0.05266,138.1872
0.08859,0.05422,141.8492
0.08859,0.05583,145.7489
0.08859,0.05748,149.9017
0.08859,0.05918,154.3242
0.08859,0.06093,159.0341
0.08859,0.06273,164.0501
0.08859,0.06458,169.3922
0.08859,0.06649,175.0820
0.08859,0.06846,181.1422
0.08859,0.07049,187.5972
0.08859,0.07257,194.4732
0.08859,0.07472,201.7980
0.08859,0.07693,209.6014
0.08859,0.07920,217.9151
0.08859,0.08154,226.7731
0.08859,0.08396,236.2118
0.08859,0.08644,246.2701
0.08859,0.08900,256.9895
0.08859,0.09163,268.4146
0.08859,0.09434,280.5929
0.08859,0.09713,293.5754
0.08859,0.10000,307.4167
0.09166,0.01000,80.2199
0.09166,0.01030,80.1922
0.09166,0.01060,80.1674
0.09166,0.01091,80.1458
0.09166,0.01124,80.1277
0.09166,0.01157,80.1136
0.09166,0.01191,80.1037
0.09166,0.01226,80.0985
0.09166,0.01263,80.0985
0.09166,0.01300,80.1041
0.09166,0.01338,80.1158
0.09166,0.01378,80.1342
0.09166,0.01419,80.1599
0.09166,0.01461,80.1934
0.09166,0.01504,80.2355
0.09166,0.01548,80.2869
0.09166,0.01594,80.3484
0.09166,0.01641,80.4207
0.09166,0.01690,80.5048
0.09166,0.01740,80.6016
0.09166,0.01791,80.7120
0.09166,0.01844,80.8372
0.09166,0.01899,80.9784
0.09166,0.01955,81.1367
0.09166,0.02013,81.3134
0.09166,0.02072,81.5100
0.09166,0.02134,81.7279
0.09166,0.02197,81.9688
0.09166,0.02262,82.2343
0.09166,0.02329,82.5263
0.09166,0.02397,82.8467
0.09166,0.02468,83.1975
0.09166,0.02541,83.5810
0.09166,0.02617,83.9996
0.09166,0.02694,84.4557
0.09166,0.02774,84.9521
0.09166,0.02856,85.4915
0.09166,0.02940,86.0772
0.09166,0.03027,86.7123
0.09166,0.03117,87.4003
0.09166,0.03209,88.1449
0.09166,0.03304,88.9501
0.09166,0.03401,89.8202
0.09166,0.03502,90.7595
0.09166,0.03605,91.7730
0.09166,0.03712,92.8658
0.09166,0.03822,94.0434
0.09166,0.03935,95.3116
0.09166,0.04051,96.6766
0.09166,0.04171,98.1451
0.09166,0.04294,99.7242
0.09166,0.04421,101.4214
0.09166,0.04552,103.2450
0.09166,0.04687,105.2034
0.09166,0.04826,107.3059
0.09166,0.04968,109.5624
0.09166,0.05115,111.9832
0.09166,0.05266,114.5798
0.09166,0.05422,117.3639
0.09166,0.05583,120.3483
0.09166,0.05748,123.5468
0.09166,0.05918,126.9739
0.09166,0.06093,130.6451
0.09166,0.06273,134.5771
0.09166,0.06458,138.7876
0.09166,0.06649,143.2956
0.09166,0.06846,148.1214
0.09166,0.07049,153.2867
0.09166,0.07257,158.8146
0.09166,0.07472,164.7301
0.09166,0.07693,171.0594
0.09166,0.07920,177.8311
0.09166,0.08154,185.0755
0.09166,0.08396,192.8250
0.09166,0.08644,201.1145
0.09166,0.08900,209.9810
0.09166,0.09163,219.4646
0.09166,0.09434,229.6077
0.09166,0.09713,240.4563
0.09166,0.10000,252.0593
0.09483,0.01000,79.7369
0.09483,0.01030,79.6886
0.09483,0.01060,79.6421
0.09483,0.01091,79.5977
0.09483,0.01124,79.5558
0.09483,0.01157,79.5166
0.09483,0.01191,79.4805
0.09483,0.01226,79.4478
0.09483,0.01263,79.4188
0.09483,0.01300,79.3940
0.09483,0.01338,79.3738
0.09483,0.01378,79.3587
0.09483,0.01419,79.3492
0.09483,0.01461,79.3458
0.09483,0.01504,79.3490
0.09483,0.01548,79.3595
0.09483,0.01594,79.3780
0.09483,0.01641,79.4052
0.09483,0.01690,79.4417
0.09483,0.01740,79.4885
0.09483,0.01791,79.5463
0.09483,0.01844,79.6162
0.09483,0.01899,79.6990
0.09483,0.01955,79.7959
0.09483,0.02013,79.9080
0.09483,0.02072,80.0366
0.09483,0.02134,80.1828
0.09483,0.02197,80.3481
0.09483,0.02262,80.5340
0.09483,0.02329,80.7420
0.09483,0.02397,80.9739
0.09483,0.02468,81.2314
0.09483,0.02541,81.5166
0.09483,0.02617,81.8314
0.09483,0.02694,82.1780
0.09483,0.02774,82.5589
0.09483,0.02856,82.9764
0.09483,0.02940,83.4334
0.09483,0.03027,83.9326
0.09483,0.03117,84.4772
0.09483,0.03209,85.0704
0.09483,0.03304,85.7156
0.09483,0.03401,86.4167
0.09483,0.03502,87.1775
0.09483,0.03605,88.0024
0.09483,0.03712,88.8957
0.09483,0.03822,89.8625
0.09483,0.03935,90.9078
0.09483,0.04051,92.0372
0.09483,0.04171,93.2565
0.09483,0.04294,94.5720
0.09483,0.04421,95.9904
0.09483,0.04552,97.5189
0.09483,0.04687,99.1651
0.09483,0.04826,100.9372
0.09483,0.04968,102.8438
0.09483,0.05115,104.8943
0.09483,0.05266,107.0987
0.09483,0.05422,109.4675
0.09483,0.05583,112.0120
0.09483,0.05748,114.7444
0.09483,0.05918,117.6777
0.09483,0.06093,120.8256
0.09483,0.06273,124.2029
0.09483,0.06458,127.8254
0.09483,0.06649,131.7100
0.09483,0.06846,135.8747
0.09483,0.07049,140.3389
0.09483,0.07257,145.1231
0.09483,0.07472,150.2494
0.09483,0.07693,155.7415
0.09483,0.07920,161.6246
0.09483,0.08154,167.9257
0.09483,0.08396,174.6738
0.09483,0.08644,181.8998
0.09483,0.08900,189.6370
0.09483,0.09163,197.9208
0.09483,0.09434,206.7894
0.09483,0.09713,216.2835
0.09483,0.10000,226.4470
0.09811,0.01000,80.6452
0.09811,0.01030,80.6180
0.09811,0.01060,80.5930
0.09811,0.01091,80.5705
0.09811,0.01124,80.5506
0.09811,0.01157,80.5337
0.09811,0.01191,80.5201
0.09811,0.01226,80.5101
0.09811,0.01263,80.5040
0.09811,0.01300,80.5023
0.09811,0.01338,80.5053
0.09811,0.01378,80.5135
0.09811,0.01419,80.5274
0.09811,0.01461,80.5473
0.09811,0.01504,80.5740
0.09811,0.01548,80.6079
0.09811,0.01594,80.6496
0.09811,0.01641,80.6999
0.09811,0.01690,80.7593
0.09811,0.01740,80.8287
0.09811,0.01791,80.9089
0.09811,0.01844,81.0007
0.09811,0.01899,81.1050
0.09811,0.01955,81.2228
0.09811,0.02013,81.3551
0.09811,0.02072,81.5031
0.09811,0.02134,81.6680
0.09811,0.02197,81.8510
0.09811,0.02262,82.0535
0.09811,0.02329,82.2769
0.09811,0.02397,82.5228
0.09811,0.02468,82.7928
0.09811,0.02541,83.0887
0.09811,0.02617,83.4125
0.09811,0.02694,83.7660
0.09811,0.02774,84.1515
0.09811,0.02856,84.5712
0.09811,0.02940,85.0276
0.09811,0.03027,85.5233
0.09811,0.03117,86.0611
0.09811,0.03209,86.6440
0.09811,0.03304,87.2751
0.09811,0.03401,87.9578
0.09811,0.03502,88.6958
0.09811,0.03605,89.4928
0.09811,0.03712,90.3530
0.09811,0.03822,91.2808
0.09811,0.03935,92.2809
0.09811,0.04051,93.3582
0.09811,0.04171,94.5181
0.09811,0.04294,95.7663
0.09811,0.04421,97.1089
0.09811,0.04552,98.5523
0.09811,0.04687,100.1035
0.09811,0.04826,101.7698
0.09811,0.04968,103.5591
0.09811,0.05115,105.4800
0.09811,0.05266,107.5412
0.09811,0.05422,109.7525
0.09811,0.05583,112.1241
0.09811,0.05748,114.6669
0.09811,0.05918,117.3926
0.09811,0.06093,120.3137
0.09811,0.06273,123.4436
0.09811,0.06458,126.7966
0.09811,0.06649,130.3878
0.09811,0.06846,134.2335
0.09811,0.07049,138.3512
0.09811,0.07257,142.7595
0.09811,0.07472,147.4784
0.09811,0.07693,152.5290
0.09811,0.07920,157.9342
0.09811,0.08154,163.7183
0.09811,0.08396,169.9076
0.09811,0.08644,176.5298
0.09811,0.08900,183.6150
0.09811,0.09163,191.1951
0.09811,0.09434,199.3045
0.09811,0.09713,207.9799
0.09811,0.10000,217.2608
0.10150,0.01000,82.0717
0.10150,0.01030,82.0827
0.10150,0.01060,82.0968
0.10150,0.01091,82.1142
0.10150,0.01124,82.1351
0.10150,0.01157,82.1600
0.10150,0.01191,82.1891
0.10150,0.01226,82.2227
0.10150,0.01263,82.2612
0.10150,0.01300,82.3050
0.10150,0.01338,82.3545
0.10150,0.01378,82.4102
0.10150,0.01419,82.4724
0.10150,0.01461,82.5417
0.10150,0.01504,82.6187
0.10150,0.01548,82.7039
0.10150,0.01594,82.7978
0.10150,0.01641,82.9013
0.10150,0.01690,83.0149
0.10150,0.01740,83.1393
0.10150,0.01791,83.2755
0.10150,0.01844,83.4241
0.10150,0.01899,83.5862
0.10150,0.01955,83.7626
0.10150,0.02013,83.9544
0.10150,0.02072,84.1627
0.10150,0.02134,84.3886
0.10150,0.02197,84.6333
0.10150,0.02262,84.8982
0.10150,0.02329,85.1846
0.10150,0.02397,85.4941
0.10150,0.02468,85.8283
0.10150,0.02541,86.1887
0.10150,0.02617,86.5774
0.10150,0.02694,86.9961
0.10150,0.02774,87.4469
0.10150,0.02856,87.9321
0.10150,0.02940,88.4539
0.10150,0.03027,89.0148
0.10150,0.03117,89.6175
0.10150,0.03209,90.2648
0.10150,0.03304,90.9598
0.10150,0.03401,91.7055
0.10150,0.03502,92.5055
0.10150,0.03605,93.3634
0.10150,0.03712,94.2831
0.10150,0.03822,95.2687
0.10150,0.03935,96.3246
0.10150,0.04051,97.4555
0.10150,0.04171,98.6666
0.10150,0.04294,99.9630
0.10150,0.04421,101.3506
0.10150,0.04552,102.8353
0.10150,0.04687,104.4238
0.10150,0.04826,106.1229
0.10150,0.04968,107.9401
0.10150,0.05115,109.8832
0.10150,0.05266,111.9606
0.10150,0.05422,114.1813
0.10150,0.05583,116.5549
0.10150,0.05748,119.0916
0.10150,0.05918,121.8023
0.10150,0.06093,124.6988
0.10150,0.06273,127.7934
0.10150,0.06458,131.0995
0.10150,0.06649,134.6312
0.10150,0.06846,138.4037
0.10150,0.07049,142.4334
0.10150,0.07257,146.7374
0.10150,0.07472,151.3343
0.10150,0.07693,156.2440
0.10150,0.07920,161.4876
0.10150,0.08154,167.0878
0.10150,0.08396,173.0688
0.10150,0.08644,179.4567
0.10150,0.08900,186.2791
0.10150,0.09163,193.5658
0.10150,0.09434,201.3487
0.10150,0.09713,209.6620
0.10150,0.10000,218.5420
0.10501,0.01000,84.0715
0.10501,0.01030,84.1398
0.10501,0.01060,84.2128
0.10501,0.01091,84.2908
0.10501,0.01124,84.3740
0.10501,0.01157,84.4628
0.10501,0.01191,84.5576
0.10501,0.01226,84.6587
0.10501,0.01263,84.7666
0.10501,0.01300,84.8816
0.10501,0.01338,85.0042
0.10501,0.01378,85.1350
0.10501,0.01419,85.2744
0.10501,0.01461,85.4229
0.10501,0.01504,85.5812
0.10501,0.01548,85.7499
0.10501,0.01594,85.9296
0.10501,0.01641,86.1210
0.10501,0.01690,86.3250
0.10501,0.01740,86.5421
0.10501,0.01791,86.7734
0.10501,0.01844,87.0196
0.10501,0.01899,87.2818
0.10501,0.01955,87.5609
0.10501,0.02013,87.8580
0.10501,0.02072,88.1743
0.10501,0.02134,88.5109
0.10501,0.02197,88.8692
0.10501,0.02262,89.2505
0.10501,0.02329,89.6562
0.10501,0.02397,90.0879
0.10501,0.02468,90.5473
0.10501,0.02541,91.0360
0.10501,0.02617,91.5560
0.10501,0.02694,92.1093
0.10501,0.02774,92.6978
0.10501,0.02856,93.3239
0.10501,0.02940,93.9899
0.10501,0.03027,94.6984
0.10501,0.03117,95.4520
0.10501,0.03209,96.2536
0.10501,0.03304,97.1062
0.10501,0.03401,98.0132
0.10501,0.03502,98.9778
0.10501,0.03605,100.0039
0.10501,0.03712,101.0952
0.10501,0.03822,102.2560
0.10501,0.03935,103.4907
0.10501,0.04051,104.8040
0.10501,0.04171,106.2008
0.10501,0.04294,107.6866
0.10501,0.04421,109.2670
0.10501,0.04552,110.9480
0.10501,0.04687,112.7362
0.10501,0.04826,114.6385
0.10501,0.04968,116.6620
0.10501,0.05115,118.8147
0.10501,0.05266,121.1048
0.10501,0.05422,123.5412
0.10501,0.05583,126.1335
0.10501,0.05748,128.8916
0.10501,0.05918,131.8264
0.10501,0.06093,134.9493
0.10501,0.06273,138.2725
0.10501,0.06458,141.8091
0.10501,0.06649,145.5732
0.10501,0.06846,149.5794
0.10501,0.07049,153.8439
0.10501,0.07257,158.3834
0.10501,0.07472,163.2163
0.10501,0.07693,168.3617
0.10501,0.07920,173.8406
0.10501,0.08154,179.6749
0.10501,0.08396,185.8884
0.10501,0.08644,192.5063
0.10501,0.08900,199.5558
0.10501,0.09163,207.0658
0.10501,0.09434,215.0674
0.10501,0.09713,223.5937
0.10501,0.10000,232.6803
0.10864,0.01000,85.4691
0.10864,0.01030,85.5773
0.10864,0.01060,85.6912
0.10864,0.01091,85.8112
0.10864,0.01124,85.9376
0.10864,0.01157,86.0708
0.10864,0.01191,86.2111
0.10864,0.01226,86.3590
0.10864,0.01263,86.5148
0.10864,0.01300,86.6792
0.10864,0.01338,86.8524
0.10864,0.01378,87.0352
0.10864,0.01419,87.2279
0.10864,0.01461,87.4312
0.10864,0.01504,87.6457
0.10864,0.01548,87.8720
0.10864,0.01594,88.1108
0.10864,0.01641,88.3629
0.10864,0.01690,88.6290
0.10864,0.01740,88.9100
0.10864,0.01791,89.2067
0.10864,0.01844,89.5200
0.10864,0.01899,89.8509
0.10864,0.01955,90.2005
0.10864,0.02013,90.5699
0.10864,0.02072,90.9601
0.10864,0.02134,91.3726
0.10864,0.02197,91.8085
0.10864,0.02262,92.2692
0.10864,0.02329,92.7563
0.10864,0.02397,93.2714
0.10864,0.02468,93.8160
0.10864,0.02541,94.3920
0.10864,0.02617,95.0012
0.10864,0.02694,95.6457
0.10864,0.02774,96.3275
0.10864,0.02856,97.0489
0.10864,0.02940,97.8123
0.10864,0.03027,98.6202
0.10864,0.03117,99.4754
0.10864,0.03209,100.3807
0.10864,0.03304,101.3391
0.10864,0.03401,102.3539
0.10864,0.03502,103.4286
0.10864,0.03605,104.5667
0.10864,0.03712,105.7722
0.10864,0.03822,107.0493
0.10864,0.03935,108.4022
0.10864,0.04051,109.8358
0.10864,0.04171,111.3549
0.10864,0.04294,112.9649
0.10864,0.04421,114.6714
0.10864,0.04552,116.4804
0.10864,0.04687,118.3982
0.10864,0.04826,120.4318
0.10864,0.04968,122.5882
0.10864,0.05115,124.8753
0.10864,0.05266,127.3011
0.10864,0.05422,129.8745
0.10864,0.05583,132.6048
0.10864,0.05748,135.5018
0.10864,0.05918,138.5762
0.10864,0.06093,141.8392
0.10864,0.06273,145.3028
0.10864,0.06458,148.9799
0.10864,0.06649,152.8841
0.10864,0.06846,157.0300
0.10864,0.07049,161.4332
0.10864,0.07257,166.1102
0.10864,0.07472,171.0788
0.10864,0.07693,176.3579
0.10864,0.07920,181.9678
0.10864,0.08154,187.9301
0.10864,0.08396,194.2677
0.10864,0.08644,201.0055
0.10864,0.08900,208.1698
0.10864,0.09163,215.7888
0.10864,0.09434,223.8928
0.10864,0.09713,232.5139
0.10864,0.10000,241.6868
0.11240,0.01000,86.2315
0.11240,0.01030,86.3611
0.11240,0.01060,86.4969
0.11240,0.01091,86.6393
0.11240,0.01124,86.7887
0.11240,0.01157,86.9455
0.11240,0.01191,87.1101
0.11240,0.01226,87.2828
0.11240,0.01263,87.4641
0.11240,0.01300,87.6546
0.11240,0.01338,87.8546
0.11240,0.01378,88.0647
0.11240,0.01419,88.2855
0.11240,0.01461,88.5176
0.11240,0.01504,88.7616
0.11240,0.01548,89.0181
0.11240,0.01594,89.2878
0.11240,0.01641,89.5716
0.11240,0.01690,89.8701
0.11240,0.01740,90.1842
0.11240,0.01791,90.5147
0.11240,0.01844,90.8627
0.11240,0.01899,91.2291
0.11240,0.01955,91.6149
0.11240,0.02013,92.0212
0.11240,0.02072,92.4493
0.11240,0.02134,92.9003
0.11240,0.02197,93.3756
0.11240,0.02262,93.8766
0.11240,0.02329,94.4047
0.11240,0.02397,94.9616
0.11240,0.02468,95.5489
0.11240,0.02541,96.1683
0.11240,0.02617,96.8217
0.11240,0.02694,97.5112
0.11240,0.02774,98.2388
0.11240,0.02856,99.0068
0.11240,0.02940,99.8175
0.11240,0.03027,100.6735
0.11240,0.03117,101.5775
0.11240,0.03209,102.5322
0.11240,0.03304,103.5408
0.11240,0.03401,104.6064
0.11240,0.03502,105.7324
0.11240,0.03605,106.9224
0.11240,0.03712,108.1804
0.11240,0.03822,109.5103
0.11240,0.03935,110.9165
0.11240,0.04051,112.4037
0.11240,0.04171,113.9767
0.11240,0.04294,115.6407
0.11240,0.04421,117.4013
0.11240,0.04552,119.2645
0.11240,0.04687,121.2364
0.11240,0.04826,123.3237
0.11240,0.04968,125.5336
0.11240,0.05115,127.8736
0.11240,0.05266,130.3518
0.11240,0.05422,132.9767
0.11240,0.05583,135.7575
0.11240,0.05748,138.7039
0.11240,0.05918,141.8262
0.11240,0.06093,145.1355
0.11240,0.06273,148.6435
0.11240,0.06458,152.3627
0.11240,0.06649,156.3066
0.11240,0.06846,160.4894
0.11240,0.07049,164.9262
0.11240,0.07257,169.6334
0.11240,0.07472,174.6281
0.11240,0.07693,179.9289
0.11240,0.07920,185.5555
0.11240,0.08154,191.5289
0.11240,0.08396,197.8717
0.11240,0.08644,204.6079
0.11240,0.08900,211.7632
0.11240,0.09163,219.3650
0.11240,0.09434,227.4427
0.11240,0.09713,236.0279
0.11240,0.10000,245.1540
0.11629,0.01000,86.3296
0.11629,0.01030,86.4604
0.11629,0.01060,86.5974
0.11629,0.01091,86.7409
0.11629,0.01124,86.8914
0.11629,0.01157,87.0491
0.11629,0.01191,87.2145
0.11629,0.01226,87.3879
0.11629,0.01263,87.5699
0.11629,0.01300,87.7608
0.11629,0.01338,87.9611
0.11629,0.01378,88.1714
0.11629,0.01419,88.3922
0.11629,0.01461,88.6241
0.11629,0.01504,88.8676
0.11629,0.01548,89.1235
0.11629,0.01594,89.3923
0.11629,0.01641,89.6749
0.11629,0.01690,89.9719
0.11629,0.01740,90.2842
0.11629,0.01791,90.6127
0.11629,0.01844,90.9581
0.11629,0.01899,91.3216
0.11629,0.01955,91.7040
0.11629,0.02013,92.1066
0.11629,0.02072,92.5303
0.11629,0.02134,92.9764
0.11629,0.02197,93.4463
0.11629,0.02262,93.9411
0.11629,0.02329,94.4625
0.11629,0.02397,95.0118
0.11629,0.02468,95.5907
0.11629,0.02541,96.2009
0.11629,0.02617,96.8443
0.11629,0.02694,97.5227
0.11629,0.02774,98.2382
0.11629,0.02856,98.9929
0.11629,0.02940,99.7891
0.11629,0.03027,100.6294
0.11629,0.03117,101.5161
0.11629,0.03209,102.4522
0.11629,0.03304,103.4405
0.11629,0.03401,104.4841
0.11629,0.03502,105.5863
0.11629,0.03605,106.7506
0.11629,0.03712,107.9806
0.11629,0.03822,109.2804
0.11629,0.03935,110.6541
0.11629,0.04051,112.1061
0.11629,0.04171,113.6412
0.11629,0.04294,115.2644
0.11629,0.04421,116.9810
0.11629,0.04552,118.7968
0.11629,0.04687,120.7177
0.11629,0.04826,122.7503
0.11629,0.04968,124.9012
0.11629,0.05115,127.1779
0.11629,0.05266,129.5880
0.11629,0.05422,132.1398
0.11629,0.05583,134.8421
0.11629,0.05748,137.7042
0.11629,0.05918,140.7361
0.11629,0.06093,143.9484
0.11629,0.06273,147.3524
0.11629,0.06458,150.9601
0.11629,0.06649,154.7845
0.11629,0.06846,158.8391
0.11629,0.07049,163.1386
0.11629,0.07257,167.6987
0.11629,0.07472,172.5358
0.11629,0.07693,177.6678
0.11629,0.07920,183.1135
0.11629,0.08154,188.8933
0.11629,0.08396,195.0288
0.11629,0.08644,201.5430
0.11629,0.08900,208.4605
0.11629,0.09163,215.8079
0.11629,0.09434,223.6132
0.11629,0.09713,231.9066
0.11629,0.10000,240.7205
0.12031,0.01000,85.5332
0.12031,0.01030,85.6386
0.12031,0.01060,85.7494
0.12031,0.01091,85.8658
0.12031,0.01124,85.9882
0.12031,0.01157,86.1169
0.12031,0.01191,86.2523
0.12031,0.01226,86.3947
0.12031,0.01263,86.5446
0.12031,0.01300,86.7022
0.12031,0.01338,86.8682
0.12031,0.01378,87.0429
0.12031,0.01419,87.2268
0.12031,0.01461,87.4206
0.12031,0.01504,87.6246
0.12031,0.01548,87.8395
0.12031,0.01594,88.0660
0.12031,0.01641,88.3046
0.12031,0.01690,88.5562
0.12031,0.01740,88.8213
0.12031,0.01791,89.1009
0.12031,0.01844,89.3957
0.12031,0.01899,89.7067
0.12031,0.01955,90.0347
0.12031,0.02013,90.3807
0.12031,0.02072,90.7459
0.12031,0.02134,91.1312
0.12031,0.02197,91.5380
0.12031,0.02262,91.9674
0.12031,0.02329,92.4208
0.12031,0.02397,92.8995
0.12031,0.02468,93.4052
0.12031,0.02541,93.9393
0.12031,0.02617,94.5036
0.12031,0.02694,95.0998
0.12031,0.02774,95.7298
0.12031,0.02856,96.3958
0.12031,0.02940,97.0997
0.12031,0.03027,97.8439
0.12031,0.03117,98.6308
0.12031,0.03209,99.4629
0.12031,0.03304,100.3430
0.12031,0.03401,101.2740
0.12031,0.03502,102.2589
0.12031,0.03605,103.3010
0.12031,0.03712,104.4038
0.12031,0.03822,105.5710
0.12031,0.03935,106.8064
0.12031,0.04051,108.1143
0.12031,0.04171,109.4991
0.12031,0.04294,110.9655
0.12031,0.04421,112.5186
0.12031,0.04552,114.1636
0.12031,0.04687,115.9062
0.12031,0.04826,117.7526
0.12031,0.04968,119.7090
0.12031,0.05115,121.7824
0.12031,0.05266,123.9801
0.12031,0.05422,126.3098
0.12031,0.05583,128.7798
0.12031,0.05748,131.3988
0.12031,0.05918,134.1764
0.12031,0.06093,137.1223
0.12031,0.06273,140.2475
0.12031,0.06458,143.5631
0.12031,0.06649,147.0813
0.12031,0.06846,150.8150
0.12031,0.07049,154.7780
0.12031,0.07257,158.9851
0.12031,0.07472,163.4518
0.12031,0.07693,168.1950
0.12031,0.07920,173.2325
0.12031,0.08154,178.5834
0.12031,0.08396,184.2682
0.12031,0.08644,190.3086
0.12031,0.08900,196.7279
0.12031,0.09163,203.5511
0.12031,0.09434,210.8048
0.12031,0.09713,218.5175
0.12031,0.10000,226.7197
0.12447,0.01000,84.1076
0.12447,0.01030,84.1687
0.12447,0.01060,84.2336
0.12447,0.01091,84.3027
0.12447,0.01124,84.3763
0.12447,0.01157,84.4546
0.12447,0.01191,84.5378
0.12447,0.01226,84.6264
0.12447,0.01263,84.7206
0.12447,0.01300,84.8208
0.12447,0.01338,84.9274
0.12447,0.01378,85.0407
0.12447,0.01419,85.1612
0.12447,0.01461,85.2894
0.12447,0.01504,85.4257
0.12447,0.01548,85.5705
0.12447,0.01594,85.7246
0.12447,0.01641,85.8883
0.12447,0.01690,86.0624
0.12447,0.01740,86.2474
0.12447,0.01791,86.4441
0.12447,0.01844,86.6532
0.12447,0.01899,86.8754
0.12447,0.01955,87.1115
0.12447,0.02013,87.3625
0.12447,0.02072,87.6293
0.12447,0.02134,87.9128
0.12447,0.02197,88.2141
0.12447,0.02262,88.5343
0.12447,0.02329,88.8746
0.12447,0.02397,89.2362
0.12447,0.02468,89.6204
0.12447,0.02541,90.0287
0.12447,0.02617,90.4627
0.12447,0.02694,90.9237
0.12447,0.02774,91.4137
0.12447,0.02856,91.9344
0.12447,0.02940,92.4876
0.12447,0.03027,93.0755
0.12447,0.03117,93.7003
0.12447,0.03209,94.3642
0.12447,0.03304,95.0696
0.12447,0.03401,95.8193
0.12447,0.03502,96.6160
0.12447,0.03605,97.4627
0.12447,0.03712,98.3624
0.12447,0.03822,99.3186
0.12447,0.03935,100.3349
0.12447,0.04051,101.4149
0.12447,0.04171,102.5629
0.12447,0.04294,103.7829
0.12447,0.04421,105.0797
0.12447,0.04552,106.4582
0.12447,0.04687,107.9234
0.12447,0.04826,109.4810
0.12447,0.04968,111.1368
0.12447,0.05115,112.8972
0.12447,0.05266,114.7687
0.12447,0.05422,116.7585
0.12447,0.05583,118.8743
0.12447,0.05748,121.1241
0.12447,0.05918,123.5165
0.12447,0.06093,126.0608
0.12447,0.06273,128.7668
0.12447,0.06458,131.6448
0.12447,0.06649,134.7063
0.12447,0.06846,137.9629
0.12447,0.07049,141.4275
0.12447,0.07257,145.1136
0.12447,0.07472,149.0358
0.12447,0.07693,153.2096
0.12447,0.07920,157.6514
0.12447,0.08154,162.3790
0.12447,0.08396,167.4112
0.12447,0.08644,172.7683
0.12447,0.08900,178.4718
0.12447,0.09163,184.5449
0.12447,0.09434,191.0123
0.12447,0.09713,197.9003
0.12447,0.10000,205.2373
0.12878,0.01000,83.2521
0.12878,0.01030,83.2863
0.12878,0.01060,83.3235
0.12878,0.01091,83.3640
0.12878,0.01124,83.4080
0.12878,0.01157,83.4556
0.12878,0.01191,83.5073
0.12878,0.01226,83.5632
0.12878,0.01263,83.6236
0.12878,0.01300,83.6889
0.12878,0.01338,83.7594
0.12878,0.01378,83.8354
0.12878,0.01419,83.9173
0.12878,0.01461,84.0055
0.12878,0.01504,84.1005
0.12878,0.01548,84.2027
0.12878,0.01594,84.3125
0.12878,0.01641,84.4305
0.12878,0.01690,84.5572
0.12878,0.01740,84.6933
0.12878,0.01791,84.8392
0.12878,0.01844,84.9958
0.12878,0.01899,85.1636
0.12878,0.01955,85.3435
0.12878,0.02013,85.5362
0.12878,0.02072,85.7425
0.12878,0.02134,85.9634
0.12878,0.02197,86.1998
0.12878,0.02262,86.4528
0.12878,0.02329,86.7234
0.12878,0.02397,87.0127
0.12878,0.02468,87.3220
0.12878,0.02541,87.6526
0.12878,0.02617,88.0059
0.12878,0.02694,88.3834
0.12878,0.02774,88.7865
0.12878,0.02856,89.2171
0.12878,0.02940,89.6768
0.12878,0.03027,90.1676
0.12878,0.03117,90.6915
0.12878,0.03209,91.2506
0.12878,0.03304,91.8473
0.12878,0.03401,92.4839
0.12878,0.03502,93.1630
0.12878,0.03605,93.8874
0.12878,0.03712,94.6600
0.12878,0.03822,95.4840
0.12878,0.03935,96.3627
0.12878,0.04051,97.2996
0.12878,0.04171,98.2986
0.12878,0.04294,99.3635
0.12878,0.04421,100.4988
0.12878,0.04552,101.7089
0.12878,0.04687,102.9989
0.12878,0.04826,104.3737
0.12878,0.04968,105.8390
0.12878,0.05115,107.4007
0.12878,0.05266,109.0650
0.12878,0.05422,110.8386
0.12878,0.05583,112.7287
0.12878,0.05748,114.7429
0.12878,0.05918,116.8893
0.12878,0.06093,119.1766
0.12878,0.06273,121.6140
0.12878,0.06458,124.2114
0.12878,0.06649,126.9793
0.12878,0.06846,129.9290
0.12878,0.07049,133.0724
0.12878,0.07257,136.4224
0.12878,0.07472,139.9927
0.12878,0.07693,143.7978
0.12878,0.07920,147.8535
0.12878,0.08154,152.1763
0.12878,0.08396,156.7842
0.12878,0.08644,161.6963
0.12878,0.08900,166.9329
0.12878,0.09163,172.5159
0.12878,0.09434,178.4687
0.12878,0.09713,184.8162
0.12878,0.10000,191.5852
0.13323,0.01000,83.1246
0.13323,0.01030,83.1541
0.13323,0.01060,83.1864
0.13323,0.01091,83.2217
0.13323,0.01124,83.2604
0.13323,0.01157,83.3025
0.13323,0.01191,83.3483
0.13323,0.01226,83.3982
0.13323,0.01263,83.4523
0.13323,0.01300,83.5110
0.13323,0.01338,83.5746
0.13323,0.01378,83.6435
0.13323,0.01419,83.7179
0.13323,0.01461,83.7983
0.13323,0.01504,83.8852
0.13323,0.01548,83.9788
0.13323,0.01594,84.0797
0.13323,0.01641,84.1884
0.13323,0.01690,84.3054
0.13323,0.01740,84.4313
0.13323,0.01791,84.5666
0.13323,0.01844,84.7120
0.13323,0.01899,84.8682
0.13323,0.01955,85.0359
0.13323,0.02013,85.2158
0.13323,0.02072,85.4088
0.13323,0.02134,85.6157
0.13323,0.02197,85.8374
0.13323,0.02262,86.0750
0.13323,0.02329,86.3294
0.13323,0.02397,86.6019
0.13323,0.02468,86.8935
0.13323,0.02541,87.2055
0.13323,0.02617,87.5393
0.13323,0.02694,87.8962
0.13323,0.02774,88.2779
0.13323,0.02856,88.6859
0.13323,0.02940,89.1219
0.13323,0.03027,89.5878
0.13323,0.03117,90.0855
0.13323,0.03209,90.6172
0.13323,0.03304,91.1849
0.13323,0.03401,91.7911
0.13323,0.03502,92.4382
0.13323,0.03605,93.1290
0.13323,0.03712,93.8662
0.13323,0.03822,94.6530
0.13323,0.03935,95.4924
0.13323,0.04051,96.3881
0.13323,0.04171,97.3435
0.13323,0.04294,98.3626
0.13323,0.04421,99.4496
0.13323,0.04552,100.6089
0.13323,0.04687,101.8451
0.13323,0.04826,103.1634
0.13323,0.04968,104.5690
0.13323,0.05115,106.0677
0.13323,0.05266,107.6656
0.13323,0.05422,109.3691
0.13323,0.05583,111.1851
0.13323,0.05748,113.1212
0.13323,0.05918,115.1850
0.13323,0.06093,117.3850
0.13323,0.06273,119.7302
0.13323,0.06458,122.2302
0.13323,0.06649,124.8951
0.13323,0.06846,127.7358
0.13323,0.07049,130.7640
0.13323,0.07257,133.9921
0.13323,0.07472,137.4333
0.13323,0.07693,141.1019
0.13323,0.07920,145.0130
0.13323,0.08154,149.1827
0.13323,0.08396,153.6284
0.13323,0.08644,158.3686
0.13323,0.08900,163.4231
0.13323,0.09163,168.8130
0.13323,0.09434,174.5610
0.13323,0.09713,180.6914
0.13323,0.10000,187.2300
0.13784,0.01000,82.9536
0.13784,0.01030,82.9777
0.13784,0.01060,83.0045
0.13784,0.01091,83.0341
0.13784,0.01124,83.0668
0.13784,0.01157,83.1028
0.13784,0.01191,83.1423
0.13784,0.01226,83.1856
0.13784,0.01263,83.2330
0.13784,0.01300,83.2847
0.13784,0.01338,83.3411
0.13784,0.01378,83.4025
0.13784,0.01419,83.4692
0.13784,0.01461,83.5416
0.13784,0.01504,83.6202
0.13784,0.01548,83.7053
0.13784,0.01594,83.7973
0.13784,0.01641,83.8969
0.13784,0.01690,84.0044
0.13784,0.01740,84.1204
0.13784,0.01791,84.2456
0.13784,0.01844,84.3805
0.13784,0.01899,84.5258
0.13784,0.01955,84.6822
0.13784,0.02013,84.8504
0.13784,0.02072,85.0313
0.13784,0.02134,85.2257
0.13784,0.02197,85.4344
0.13784,0.02262,85.6585
0.13784,0.02329,85.8990
0.13784,0.02397,86.1570
0.13784,0.02468,86.4335
0.13784,0.02541,86.7300
0.13784,0.02617,87.0476
0.13784,0.02694,87.3878
0.13784,0.02774,87.7521
0.13784,0.02856,88.1420
0.13784,0.02940,88.5593
0.13784,0.03027,89.0058
0.13784,0.03117,89.4833
0.13784,0.03209,89.9939
0.13784,0.03304,90.5399
0.13784,0.03401,91.1234
0.13784,0.03502,91.7470
0.13784,0.03605,92.4133
0.13784,0.03712,93.1251
0.13784,0.03822,93.8853
0.13784,0.03935,94.6972
0.13784,0.04051,95.5642
0.13784,0.04171,96.4898
0.13784,0.04294,97.4779
0.13784,0.04421,98.5325
0.13784,0.04552,99.6581
0.13784,0.04687,100.8593
0.13784,0.04826,102.1410
0.13784,0.04968,103.5085
0.13784,0.05115,104.9674
0.13784,0.05266,106.5239
0.13784,0.05422,108.1842
0.13784,0.05583,109.9551
0.13784,0.05748,111.8441
0.13784,0.05918,113.8588
0.13784,0.06093,116.0075
0.13784,0.06273,118.2991
0.13784,0.06458,120.7430
0.13784,0.06649,123.3494
0.13784,0.06846,126.1289
0.13784,0.07049,129.0931
0.13784,0.07257,132.2542
0.13784,0.07472,135.6254
0.13784,0.07693,139.2206
0.13784,0.07920,143.0549
0.13784,0.08154,147.1441
0.13784,0.08396,151.5055
0.13784,0.08644,156.1574
0.13784,0.08900,161.1192
0.13784,0.09163,166.4119
0.13784,0.09434,172.0580
0.13784,0.09713,178.0813
0.13784,0.10000,184.5076
0.14261,0.01000,82.9251
0.14261,0.01030,82.9475
0.14261,0.01060,82.9725
0.14261,0.01091,83.0002
0.14261,0.01124,83.0309
0.14261,0.01157,83.0647
0.14261,0.01191,83.1020
0.14261,0.01226,83.1429
0.14261,0.01263,83.1877
0.14261,0.01300,83.2367
0.14261,0.01338,83.2902
0.14261,0.01378,83.3485
0.14261,0.01419,83.4120
0.14261,0.01461,83.4810
0.14261,0.01504,83.5559
0.14261,0.01548,83.6371
0.14261,0.01594,83.7251
0.14261,0.01641,83.8203
0.14261,0.01690,83.9232
0.14261,0.01740,84.0343
0.14261,0.01791,84.1543
0.14261,0.01844,84.2837
0.14261,0.01899,84.4232
0.14261,0.01955,84.5734
0.14261,0.02013,84.7351
0.14261,0.02072,84.9090
0.14261,0.02134,85.0959
0.14261,0.02197,85.2969
0.14261,0.02262,85.5127
0.14261,0.02329,85.7443
0.14261,0.02397,85.9929
0.14261,0.02468,86.2596
0.14261,0.02541,86.5455
0.14261,0.02617,86.8519
0.14261,0.02694,87.1803
0.14261,0.02774,87.5320
0.14261,0.02856,87.9086
0.14261,0.02940,88.3117
0.14261,0.03027,88.7431
0.14261,0.03117,89.2047
0.14261,0.03209,89.6984
0.14261,0.03304,90.2263
0.14261,0.03401,90.7907
0.14261,0.03502,91.3941
0.14261,0.03605,92.0389
0.14261,0.03712,92.7278
0.14261,0.03822,93.4639
0.14261,0.03935,94.2500
0.14261,0.04051,95.0897
0.14261,0.04171,95.9863
0.14261,0.04294,96.9435
0.14261,0.04421,97.9655
0.14261,0.04552,99.0563
0.14261,0.04687,100.2206
0.14261,0.04826,101.4631
0.14261,0.04968,102.7890
0.14261,0.05115,104.2038
0.14261,0.05266,105.7133
0.14261,0.05422,107.3237
0.14261,0.05583,109.0416
0.14261,0.05748,110.8743
0.14261,0.05918,112.8291
0.14261,0.06093,114.9143
0.14261,0.06273,117.1383
0.14261,0.06458,119.5104
0.14261,0.06649,122.0404
0.14261,0.06846,124.7387
0.14261,0.07049,127.6166
0.14261,0.07257,130.6860
0.14261,0.07472,133.9596
0.14261,0.07693,137.4510
0.14261,0.07920,141.1749
0.14261,0.08154,145.1468
0.14261,0.08396,149.3833
0.14261,0.08644,153.9023
0.14261,0.08900,158.7227
0.14261,0.09163,163.8650
0.14261,0.09434,169.3509
0.14261,0.09713,175.2038
0.14261,0.10000,181.4487
0.14754,0.01000,83.7705
0.14754,0.01030,83.8171
0.14754,0.01060,83.8670
0.14754,0.01091,83.9203
0.14754,0.01124,83.9773
0.14754,0.01157,84.0381
0.14754,0.01191,84.1031
0.14754,0.01226,84.1725
0.14754,0.01263,84.2466
0.14754,0.01300,84.3257
0.14754,0.01338,84.4101
0.14754,0.01378,84.5002
0.14754,0.01419,84.5962
0.14754,0.01461,84.6987
0.14754,0.01504,84.8079
0.14754,0.01548,84.9244
0.14754,0.01594,85.0486
0.14754,0.01641,85.1809
0.14754,0.01690,85.3220
0.14754,0.01740,85.4723
0.14754,0.01791,85.6324
0.14754,0.01844,85.8030
0.14754,0.01899,85.9847
0.14754,0.01955,86.1783
0.14754,0.02013,86.3844
0.14754,0.02072,86.6039
0.14754,0.02134,86.8376
0.14754,0.02197,87.0865
0.14754,0.02262,87.3514
0.14754,0.02329,87.6334
0.14754,0.02397,87.9336
0.14754,0.02468,88.2531
0.14754,0.02541,88.5931
0.14754,0.02617,88.9550
0.14754,0.02694,89.3401
0.14754,0.02774,89.7499
0.14754,0.02856,90.1859
0.14754,0.02940,90.6499
0.14754,0.03027,91.1435
0.14754,0.03117,91.6687
0.14754,0.03209,92.2275
0.14754,0.03304,92.8220
0.14754,0.03401,93.4544
0.14754,0.03502,94.1272
0.14754,0.03605,94.8429
0.14754,0.03712,95.6043
0.14754,0.03822,96.4142
0.14754,0.03935,97.2758
0.14754,0.04051,98.1923
0.14754,0.04171,99.1672
0.14754,0.04294,100.2044
0.14754,0.04421,101.3076
0.14754,0.04552,102.4813
0.14754,0.04687,103.7298
0.14754,0.04826,105.0580
0.14754,0.04968,106.4709
0.14754,0.05115,107.9741
0.14754,0.05266,109.5733
0.14754,0.05422,111.2747
0.14754,0.05583,113.0850
0.14754,0.05748,115.0111
0.14754,0.05918,117.0605
0.14754,0.06093,119.2412
0.14754,0.06273,121.5618
0.14754,0.06458,124.0313
0.14754,0.06649,126.6594
0.14754,0.06846,129.4566
0.14754,0.07049,132.4338
0.14754,0.07257,135.6028
0.14754,0.07472,138.9763
0.14754,0.07693,142.5677
0.14754,0.07920,146.3914
0.14754,0.08154,150.4627
0.14754,0.08396,154.7980
0.14754,0.08644,159.4149
0.14754,0.08900,164.3321
0.14754,0.09163,169.5698
0.14754,0.09434,175.1493
0.14754,0.09713,181.0937
0.14754,0.10000,187.4274
0.15265,0.01000,84.8426
0.15265,0.01030,84.9196
0.15265,0.01060,85.0008
0.15265,0.01091,85.0862
0.15265,0.01124,85.1761
0.15265,0.01157,85.2708
0.15265,0.01191,85.3705
0.15265,0.01226,85.4756
0.15265,0.01263,85.5863
0.15265,0.01300,85.7029
0.15265,0.01338,85.8258
0.15265,0.01378,85.9554
0.15265,0.01419,86.0921
0.15265,0.01461,86.2361
0.15265,0.01504,86.3880
0.15265,0.01548,86.5483
0.15265,0.01594,86.7173
0.15265,0.01641,86.8957
0.15265,0.01690,87.0839
0.15265,0.01740,87.2826
0.15265,0.01791,87.4922
0.15265,0.01844,87.7136
0.15265,0.01899,87.9473
0.15265,0.01955,88.1941
0.15265,0.02013,88.4547
0.15265,0.02072,88.7301
0.15265,0.02134,89.0209
0.15265,0.02197,89.3282
0.15265,0.02262,89.6530
0.15265,0.02329,89.9961
0.15265,0.02397,90.3589
0.15265,0.02468,90.7424
0.15265,0.02541,91.1478
0.15265,0.02617,91.5765
0.15265,0.02694,92.0298
0.15265,0.02774,92.5093
0.15265,0.02856,93.0165
0.15265,0.02940,93.5530
0.15265,0.03027,94.1207
0.15265,0.03117,94.7214
0.15265,0.03209,95.3571
0.15265,0.03304,96.0300
0.15265,0.03401,96.7422
0.15265,0.03502,97.4963
0.15265,0.03605,98.2946
0.15265,0.03712,99.1400
0.15265,0.03822,100.0354
0.15265,0.03935,100.9837
0.15265,0.04051,101.9882
0.15265,0.04171,103.0525
0.15265,0.04294,104.1800
0.15265,0.04421,105.3749
0.15265,0.04552,106.6413
0.15265,0.04687,107.9835
0.15265,0.04826,109.4063
0.15265,0.04968,110.9147
0.15265,0.05115,112.5140
0.15265,0.05266,114.2101
0.15265,0.05422,116.0088
0.15265,0.05583,117.9167
0.15265,0.05748,119.9406
0.15265,0.05918,122.0879
0.15265,0.06093,124.3663
0.15265,0.06273,126.7842
0.15265,0.06458,129.3505
0.15265,0.06649,132.0746
0.15265,0.06846,134.9666
0.15265,0.07049,138.0373
0.15265,0.07257,141.2981
0.15265,0.07472,144.7612
0.15265,0.07693,148.4399
0.15265,0.07920,152.3479
0.15265,0.08154,156.5003
0.15265,0.08396,160.9129
0.15265,0.08644,165.6029
0.15265,0.08900,170.5882
0.15265,0.09163,175.8885
0.15265,0.09434,181.5244
0.15265,0.09713,187.5182
0.15265,0.10000,193.8938
0.15793,0.01000,85.1405
0.15793,0.01061,85.3165
0.15793,0.01125,85.5107
0.15793,0.01194,85.7252
0.15793,0.01266,85.9623
0.15793,0.01343,86.2246
0.15793,0.01425,86.5151
0.15793,0.01512,86.8369
0.15793,0.01604,87.1938
0.15793,0.01701,87.5899
0.15793,0.01805,88.0297
0.15793,0.01914,88.5186
0.15793,0.02031,89.0623
0.15793,0.02154,89.6675
0.15793,0.02285,90.3415
0.15793,0.02424,91.0928
0.15793,0.02572,91.9306
0.15793,0.02728,92.8657
0.15793,0.02894,93.9099
0.15793,0.03070,95.0768
0.15793,0.03257,96.3816
0.15793,0.03455,97.8414
0.15793,0.03665,99.4757
0.15793,0.03888,101.3066
0.15793,0.04125,103.3587
0.15793,0.04375,105.6603
0.15793,0.04642,108.2433
0.15793,0.04924,111.1436
0.15793,0.05223,114.4023
0.15793,0.05541,118.0659
0.15793,0.05878,122.1870
0.15793,0.06236,126.8257
0.15793,0.06615,132.0501
0.15793,0.07017,137.9378
0.15793,0.07444,144.5773
0.15793,0.07897,152.0694
0.15793,0.08377,160.5291
0.15793,0.08886,170.0880
0.15793,0.09427,180.8963
0.15793,0.10000,193.1263
0.16838,0.01000,83.7238
0.16838,0.01061,83.8093
0.16838,0.01125,83.9069
0.16838,0.01194,84.0184
0.16838,0.01266,84.1455
0.16838,0.01343,84.2903
0.16838,0.01425,84.4552
0.16838,0.01512,84.6428
0.16838,0.01604,84.8562
0.16838,0.01701,85.0988
0.16838,0.01805,85.3743
0.16838,0.01914,85.6873
0.16838,0.02031,86.0426
0.16838,0.02154,86.4458
0.16838,0.02285,86.9032
0.16838,0.02424,87.4219
0.16838,0.02572,88.0102
0.16838,0.02728,88.6771
0.16838,0.02894,89.4330
0.16838,0.03070,90.2896
0.16838,0.03257,91.2604
0.16838,0.03455,92.3604
0.16838,0.03665,93.6067
0.16838,0.03888,95.0188
0.16838,0.04125,96.6186
0.16838,0.04375,98.4313
0.16838,0.04642,100.4851
0.16838,0.04924,102.8124
0.16838,0.05223,105.4498
0.16838,0.05541,108.4391
0.16838,0.05878,111.8277
0.16838,0.06236,115.6697
0.16838,0.06615,120.0266
0.16838,0.07017,124.9687
0.16838,0.07444,130.5761
0.16838,0.07897,136.9402
0.16838,0.08377,144.1657
0.16838,0.08886,152.3721
0.16838,0.09427,161.6966
0.16838,0.10000,172.2962
0.17952,0.01000,84.2245
0.17952,0.01061,84.3347
0.17952,0.01125,84.4579
0.17952,0.01194,84.5955
0.17952,0.01266,84.7495
0.17952,0.01343,84.9217
0.17952,0.01425,85.1146
0.17952,0.01512,85.3305
0.17952,0.01604,85.5724
0.17952,0.01701,85.8435
0.17952,0.01805,86.1475
0.17952,0.01914,86.4883
0.17952,0.02031,86.8708
0.17952,0.02154,87.3000
0.17952,0.02285,87.7819
0.17952,0.02424,88.3232
0.17952,0.02572,88.9313
0.17952,0.02728,89.6147
0.17952,0.02894,90.3830
0.17952,0.03070,91.2471
0.17952,0.03257,92.2191
0.17952,0.03455,93.3130
0.17952,0.03665,94.5445
0.17952,0.03888,95.9313
0.17952,0.04125,97.4935
0.17952,0.04375,99.2540
0.17952,0.04642,101.2386
0.17952,0.04924,103.4766
0.17952,0.05223,106.0014
0.17952,0.05541,108.8507
0.17952,0.05878,112.0677
0.17952,0.06236,115.7011
0.17952,0.06615,119.8066
0.17952,0.07017,124.4477
0.17952,0.07444,129.6965
0.17952,0.07897,135.6356
0.17952,0.08377,142.3589
0.17952,0.08886,149.9742
0.17952,0.09427,158.6045
0.17952,0.10000,168.3908
0.19139,0.01000,84.2170
0.19139,0.01061,84.3198
0.19139,0.01125,84.4343
0.19139,0.01194,84.5619
0.19139,0.01266,84.7040
0.19139,0.01343,84.8624
0.19139,0.01425,85.0392
0.19139,0.01512,85.2365
0.19139,0.01604,85.4568
0.19139,0.01701,85.7031
0.19139,0.01805,85.9784
0.19139,0.01914,86.2863
0.19139,0.02031,86.6308
0.19139,0.02154,87.0166
0.19139,0.02285,87.4487
0.19139,0.02424,87.9330
0.19139,0.02572,88.4759
0.19139,0.02728,89.0848
0.19139,0.02894,89.7681
0.19139,0.03070,90.5351
0.19139,0.03257,91.3965
0.19139,0.03455,92.3643
0.19139,0.03665,93.4521
0.19139,0.03888,94.6753
0.19139,0.04125,96.0513
0.19139,0.04375,97.5999
0.19139,0.04642,99.3435
0.19139,0.04924,101.3074
0.19139,0.05223,103.5204
0.19139,0.05541,106.0153
0.19139,0.05878,108.8292
0.19139,0.06236,112.0044
0.19139,0.06615,115.5890
0.19139,0.07017,119.6377
0.19139,0.07444,124.2130
0.19139,0.07897,129.3861
0.19139,0.08377,135.2382
0.19139,0.08886,141.8622
0.19139,0.09427,149.3643
0.19139,0.10000,157.8664
0.20406,0.01000,84.3814
0.20406,0.01061,84.4874
0.20406,0.01125,84.6043
0.20406,0.01194,84.7334
0.20406,0.01266,84.8761
0.20406,0.01343,85.0339
0.20406,0.01425,85.2086
0.20406,0.01512,85.4021
0.20406,0.01604,85.6167
0.20406,0.01701,85.8547
0.20406,0.01805,86.1190
0.20406,0.01914,86.4127
0.20406,0.02031,86.7393
0.20406,0.02154,87.1027
0.20406,0.02285,87.5074
0.20406,0.02424,87.9584
0.20406,0.02572,88.4613
0.20406,0.02728,89.0224
0.20406,0.02894,89.6489
0.20406,0.03070,90.3489
0.20406,0.03257,91.1315
0.20406,0.03455,92.0069
0.20406,0.03665,92.9869
0.20406,0.03888,94.0845
0.20406,0.04125,95.3146
0.20406,0.04375,96.6941
0.20406,0.04642,98.2421
0.20406,0.04924,99.9800
0.20406,0.05223,101.9324
0.20406,0.05541,104.1271
0.20406,0.05878,106.5957
0.20406,0.06236,109.3740
0.20406,0.06615,112.5028
0.20406,0.07017,116.0285
0.20406,0.07444,120.0039
0.20406,0.07897,124.4895
0.20406,0.08377,129.5538
0.20406,0.08886,135.2756
0.20406,0.09427,141.7447
0.20406,0.10000,149.0641
0.21756,0.01000,84.6240
0.21756,0.01061,84.7380
0.21756,0.01125,84.8625
0.21756,0.01194,84.9988
0.21756,0.01266,85.1480
0.21756,0.01343,85.3115
0.21756,0.01425,85.4908
0.21756,0.01512,85.6876
0.21756,0.01604,85.9040
0.21756,0.01701,86.1419
0.21756,0.01805,86.4039
0.21756,0.01914,86.6926
0.21756,0.02031,87.0110
0.21756,0.02154,87.3626
0.21756,0.02285,87.7510
0.21756,0.02424,88.1806
0.21756,0.02572,88.6562
0.21756,0.02728,89.1831
0.21756,0.02894,89.7674
0.21756,0.03070,90.4158
0.21756,0.03257,91.1361
0.21756,0.03455,91.9370
0.21756,0.03665,92.8280
0.21756,0.03888,93.8203
0.21756,0.04125,94.9261
0.21756,0.04375,96.1597
0.21756,0.04642,97.5367
0.21756,0.04924,99.0751
0.21756,0.05223,100.7953
0.21756,0.05541,102.7202
0.21756,0.05878,104.8758
0.21756,0.06236,107.2919
0.21756,0.06615,110.0019
0.21756,0.07017,113.0442
0.21756,0.07444,116.4622
0.21756,0.07897,120.3054
0.21756,0.08377,124.6304
0.21756,0.08886,129.5015
0.21756,0.09427,134.9925
0.21756,0.10000,141.1876
0.23195,0.01000,84.4030
0.23195,0.01061,84.4969
0.23195,0.01125,84.5994
0.23195,0.01194,84.7113
0.23195,0.01266,84.8336
0.23195,0.01343,84.9674
0.23195,0.01425,85.1138
0.23195,0.01512,85.2742
0.23195,0.01604,85.4502
0.23195,0.01701,85.6434
0.23195,0.01805,85.8557
0.23195,0.01914,86.0892
0.23195,0.02031,86.3463
0.23195,0.02154,86.6296
0.23195,0.02285,86.9421
0.23195,0.02424,87.2872
0.23195,0.02572,87.6685
0.23195,0.02728,88.0902
0.23195,0.02894,88.5570
0.23195,0.03070,89.0743
0.23195,0.03257,89.6481
0.23195,0.03455,90.2849
0.23195,0.03665,90.9924
0.23195,0.03888,91.7791
0.23195,0.04125,92.6547
0.23195,0.04375,93.6299
0.23195,0.04642,94.7170
0.23195,0.04924,95.9300
0.23195,0.05223,97.2845
0.23195,0.05541,98.7982
0.23195,0.05878,100.4914
0.23195,0.06236,102.3868
0.23195,0.06615,104.5103
0.23195,0.07017,106.8914
0.23195,0.07444,109.5636
0.23195,0.07897,112.5651
0.23195,0.08377,115.9391
0.23195,0.08886,119.7353
0.23195,0.09427,124.0101
0.23195,0.10000,128.8284
0.24729,0.01000,84.3025
0.24729,0.01061,84.3872
0.24729,0.01125,84.4795
0.24729,0.01194,84.5800
0.24729,0.01266,84.6898
0.24729,0.01343,84.8097
0.24729,0.01425,84.9407
0.24729,0.01512,85.0841
0.24729,0.01604,85.2412
0.24729,0.01701,85.4134
0.24729,0.01805,85.6024
0.24729,0.01914,85.8100
0.24729,0.02031,86.0382
0.24729,0.02154,86.2895
0.24729,0.02285,86.5662
0.24729,0.02424,86.8713
0.24729,0.02572,87.2081
0.24729,0.02728,87.5801
0.24729,0.02894,87.9915
0.24729,0.03070,88.4468
0.24729,0.03257,88.9512
0.24729,0.03455,89.5104
0.24729,0.03665,90.1310
0.24729,0.03888,90.8203
0.24729,0.04125,91.5867
0.24729,0.04375,92.4395
0.24729,0.04642,93.3893
0.24729,0.04924,94.4479
0.24729,0.05223,95.6291
0.24729,0.05541,96.9479
0.24729,0.05878,98.4219
0.24729,0.06236,100.0706
0.24729,0.06615,101.9164
0.24729,0.07017,103.9845
0.24729,0.07444,106.3039
0.24729,0.07897,108.9072
0.24729,0.08377,111.8319
0.24729,0.08886,115.1205
0.24729,0.09427,118.8217
0.24729,0.10000,122.9910
0.26365,0.01000,84.7585
0.26365,0.01061,84.8682
0.26365,0.01125,84.9866
0.26365,0.01194,85.1145
0.26365,0.01266,85.2529
0.26365,0.01343,85.4026
0.26365,0.01425,85.5647
0.26365,0.01512,85.7405
0.26365,0.01604,85.9312
0.26365,0.01701,86.1383
0.26365,0.01805,86.3634
0.26365,0.01914,86.6082
0.26365,0.02031,86.8748
0.26365,0.02154,87.1654
0.26365,0.02285,87.4825
0.26365,0.02424,87.8288
0.26365,0.02572,88.2073
0.26365,0.02728,88.6215
0.26365,0.02894,89.0752
0.26365,0.03070,89.5727
0.26365,0.03257,90.1187
0.26365,0.03455,90.7187
0.26365,0.03665,91.3787
0.26365,0.03888,92.1053
0.26365,0.04125,92.9062
0.26365,0.04375,93.7900
0.26365,0.04642,94.7661
0.26365,0.04924,95.8455
0.26365,0.05223,97.0403
0.26365,0.05541,98.3642
0.26365,0.05878,99.8329
0.26365,0.06236,101.4638
0.26365,0.06615,103.2769
0.26365,0.07017,105.2947
0.26365,0.07444,107.5428
0.26365,0.07897,110.0503
0.26365,0.08377,112.8500
0.26365,0.08886,115.9797
0.26365,0.09427,119.4821
0.26365,0.10000,123.4061
0.28110,0.01000,83.6222
0.28110,0.01061,83.6605
0.28110,0.01125,83.7028
0.28110,0.01194,83.7498
0.28110,0.01266,83.8018
0.28110,0.01343,83.8595
0.28110,0.01425,83.9236
0.28110,0.01512,83.9949
0.28110,0.01604,84.0741
0.28110,0.01701,84.1622
0.28110,0.01805,84.2603
0.28110,0.01914,84.3696
0.28110,0.02031,84.4914
0.28110,0.02154,84.6274
0.28110,0.02285,84.7791
0.28110,0.02424,84.9485
0.28110,0.02572,85.1379
0.28110,0.02728,85.3497
0.28110,0.02894,85.5866
0.28110,0.03070,85.8518
0.28110,0.03257,86.1489
0.28110,0.03455,86.4818
0.28110,0.03665,86.8551
0.28110,0.03888,87.2739
0.28110,0.04125,87.7439
0.28110,0.04375,88.2719
0.28110,0.04642,88.8651
0.28110,0.04924,89.5321
0.28110,0.05223,90.2824
0.28110,0.05541,91.1268
0.28110,0.05878,92.0776
0.28110,0.06236,93.1489
0.28110,0.06615,94.3567
0.28110,0.07017,95.7190
0.28110,0.07444,97.2565
0.28110,0.07897,98.9928
0.28110,0.08377,100.9549
0.28110,0.08886,103.1734
0.28110,0.09427,105.6834
0.28110,0.10000,108.5254
0.28394,0.01000,83.7593
0.28394,0.01061,83.8059
0.28394,0.01125,83.8570
0.28394,0.01194,83.9133
0.28394,0.01266,83.9752
0.28394,0.01343,84.0434
0.28394,0.01425,84.1187
0.28394,0.01512,84.2017
0.28394,0.01604,84.2933
0.28394,0.01701,84.3947
0.28394,0.01805,84.5068
0.28394,0.01914,84.6310
0.28394,0.02031,84.7685
0.28394,0.02154,84.9212
0.28394,0.02285,85.0906
0.28394,0.02424,85.2787
0.28394,0.02572,85.4879
0.28394,0.02728,85.7207
0.28394,0.02894,85.9799
0.28394,0.03070,86.2686
0.28394,0.03257,86.5906
0.28394,0.03455,86.9500
0.28394,0.03665,87.3512
0.28394,0.03888,87.7996
0.28394,0.04125,88.3009
0.28394,0.04375,88.8620
0.28394,0.04642,89.4903
0.28394,0.04924,90.1943
0.28394,0.05223,90.9837
0.28394,0.05541,91.8694
0.28394,0.05878,92.8640
0.28394,0.06236,93.9815
0.28394,0.06615,95.2380
0.28394,0.07017,96.6517
0.28394,0.07444,98.2435
0.28394,0.07897,100.0370
0.28394,0.08377,102.0593
0.28394,0.08886,104.3413
0.28394,0.09427,106.9182
0.28394,0.10000,109.8304
0.30272,0.01000,84.1400
0.30272,0.01061,84.2102
0.30272,0.01125,84.2866
0.30272,0.01194,84.3696
0.30272,0.01266,84.4600
0.30272,0.01343,84.5585
0.30272,0.01425,84.6660
0.30272,0.01512,84.7834
0.30272,0.01604,84.9116
0.30272,0.01701,85.0519
0.30272,0.01805,85.2055
0.30272,0.01914,85.3739
0.30272,0.02031,85.5585
0.30272,0.02154,85.7614
0.30272,0.02285,85.9843
0.30272,0.02424,86.2296
0.30272,0.02572,86.4997
0.30272,0.02728,86.7975
0.30272,0.02894,87.1261
0.30272,0.03070,87.4890
0.30272,0.03257,87.8903
0.30272,0.03455,88.3343
0.30272,0.03665,88.8261
0.30272,0.03888,89.3714
0.30272,0.04125,89.9765
0.30272,0.04375,90.6487
0.30272,0.04642,91.3960
0.30272,0.04924,92.2276
0.30272,0.05223,93.1539
0.30272,0.05541,94.1867
0.30272,0.05878,95.3391
0.30272,0.06236,96.6263
0.30272,0.06615,98.0652
0.30272,0.07017,99.6754
0.30272,0.07444,101.4788
0.30272,0.07897,103.5005
0.30272,0.08377,105.7690
0.30272,0.08886,108.3168
0.30272,0.09427,111.1811
0.30272,0.10000,114.4044
0.32275,0.01000,83.0292
0.32275,0.01061,83.0320
0.32275,0.01125,83.0367
0.32275,0.01194,83.0437
0.32275,0.01266,83.0535
0.32275,0.01343,83.0665
0.32275,0.01425,83.0833
0.32275,0.01512,83.1045
0.32275,0.01604,83.1307
0.32275,0.01701,83.1627
0.32275,0.01805,83.2015
0.32275,0.01914,83.2480
0.32275,0.02031,83.3036
0.32275,0.02154,83.3694
0.32275,0.02285,83.4470
0.32275,0.02424,83.5381
0.32275,0.02572,83.6448
0.32275,0.02728,83.7691
0.32275,0.02894,83.9139
0.32275,0.03070,84.0818
0.32275,0.03257,84.2762
0.32275,0.03455,84.5009
0.32275,0.03665,84.7601
0.32275,0.03888,85.0587
0.32275,0.04125,85.4023
0.32275,0.04375,85.7972
0.32275,0.04642,86.2506
0.32275,0.04924,86.7705
0.32275,0.05223,87.3665
0.32275,0.05541,88.0491
0.32275,0.05878,88.8304
0.32275,0.06236,89.7243
0.32275,0.06615,90.7466
0.32275,0.07017,91.9153
0.32275,0.07444,93.2511
0.32275,0.07897,94.7776
0.32275,0.08377,96.5219
0.32275,0.08886,98.5148
0.32275,0.09427,100.7920
0.32275,0.10000,103.3941
0.34410,0.01000,83.0025
0.34410,0.01061,83.0065
0.34410,0.01125,83.0129
0.34410,0.01194,83.0221
0.34410,0.01266,83.0347
0.34410,0.01343,83.0513
0.34410,0.01425,83.0723
0.34410,0.01512,83.0987
0.34410,0.01604,83.1311
0.34410,0.01701,83.1707
0.34410,0.01805,83.2184
0.34410,0.01914,83.2755
0.34410,0.02031,83.3433
0.34410,0.02154,83.4236
0.34410,0.02285,83.5182
0.34410,0.02424,83.6290
0.34410,0.02572,83.7585
0.34410,0.02728,83.9094
0.34410,0.02894,84.0847
0.34410,0.03070,84.2879
0.34410,0.03257,84.5230
0.34410,0.03455,84.7944
0.34410,0.03665,85.1074
0.34410,0.03888,85.4677
0.34410,0.04125,85.8819
0.34410,0.04375,86.3577
0.34410,0.04642,86.9037
0.34410,0.04924,87.5295
0.34410,0.05223,88.2465
0.34410,0.05541,89.0673
0.34410,0.05878,90.0064
0.34410,0.06236,91.0804
0.34410,0.06615,92.3081
0.34410,0.07017,93.7112
0.34410,0.07444,95.3143
0.34410,0.07897,97.1455
0.34410,0.08377,99.2371
0.34410,0.08886,101.6262
0.34410,0.09427,104.3549
0.34410,0.10000,107.4719
0.36686,0.01000,82.5138
0.36686,0.01061,82.4914
0.36686,0.01125,82.4703
0.36686,0.01194,82.4508
0.36686,0.01266,82.4334
0.36686,0.01343,82.4188
0.36686,0.01425,82.4075
0.36686,0.01512,82.4003
0.36686,0.01604,82.3981
0.36686,0.01701,82.4018
0.36686,0.01805,82.4126
0.36686,0.01914,82.4318
0.36686,0.02031,82.4610
0.36686,0.02154,82.5018
0.36686,0.02285,82.5563
0.36686,0.02424,82.6267
0.36686,0.02572,82.7156
0.36686,0.02728,82.8261
0.36686,0.02894,82.9615
0.36686,0.03070,83.1257
0.36686,0.03257,83.3233
0.36686,0.03455,83.5593
0.36686,0.03665,83.8395
0.36686,0.03888,84.1705
0.36686,0.04125,84.5601
0.36686,0.04375,85.0168
0.36686,0.04642,85.5505
0.36686,0.04924,86.1725
0.36686,0.05223,86.8959
0.36686,0.05541,87.7352
0.36686,0.05878,88.7074
0.36686,0.06236,89.8318
0.36686,0.06615,91.1303
0.36686,0.07017,92.6283
0.36686,0.07444,94.3547
0.36686,0.07897,96.3424
0.36686,0.08377,98.6294
0.36686,0.08886,101.2593
0.36686,0.09427,104.2820
0.36686,0.10000,107.7548
0.39113,0.01000,82.4051
0.39113,0.01061,82.3808
0.39113,0.01125,82.3582
0.39113,0.01194,82.3378
0.39113,0.01266,82.3203
0.39113,0.01343,82.3063
0.39113,0.01425,82.2967
0.39113,0.01512,82.2923
0.39113,0.01604,82.2943
0.39113,0.01701,82.3039
0.39113,0.01805,82.3225
0.39113,0.01914,82.3517
0.39113,0.02031,82.3934
0.39113,0.02154,82.4498
0.39113,0.02285,82.5233
0.39113,0.02424,82.6168
0.39113,0.02572,82.7334
0.39113,0.02728,82.8768
0.39113,0.02894,83.0514
0.39113,0.03070,83.2618
0.39113,0.03257,83.5136
0.39113,0.03455,83.8130
0.39113,0.03665,84.1673
0.39113,0.03888,84.5846
0.39113,0.04125,85.0742
0.39113,0.04375,85.6469
0.39113,0.04642,86.3147
0.39113,0.04924,87.0917
0.39113,0.05223,87.9936
0.39113,0.05541,89.0386
0.39113,0.05878,90.2474
0.39113,0.06236,91.6437
0.39113,0.06615,93.2545
0.39113,0.07017,95.1109
0.39113,0.07444,97.2482
0.39113,0.07897,99.7070
0.39113,0.08377,102.5339
0.39113,0.08886,105.7822
0.39113,0.09427,109.5132
0.39113,0.10000,113.7970
0.41701,0.01000,82.7849
0.41701,0.01061,82.7879
0.41701,0.01125,82.7947
0.41701,0.01194,82.8062
0.41701,0.01266,82.8231
0.41701,0.01343,82.8464
0.41701,0.01425,82.8772
0.41701,0.01512,82.9167
0.41701,0.01604,82.9662
0.41701,0.01701,83.0275
0.41701,0.01805,83.1023
0.41701,0.01914,83.1928
0.41701,0.02031,83.3012
0.41701,0.02154,83.4303
0.41701,0.02285,83.5832
0.41701,0.02424,83.7635
0.41701,0.02572,83.9750
0.41701,0.02728,84.2224
0.41701,0.02894,84.5108
0.41701,0.03070,84.8462
0.41701,0.03257,85.2352
0.41701,0.03455,85.6856
0.41701,0.03665,86.2059
0.41701,0.03888,86.8062
0.41701,0.04125,87.4976
0.41701,0.04375,88.2930
0.41701,0.04642,89.2071
0.41701,0.04924,90.2564
0.41701,0.05223,91.4599
0.41701,0.05541,92.8393
0.41701,0.05878,94.4192
0.41701,0.06236,96.2278
0.41701,0.06615,98.2971
0.41701,0.07017,100.6639
0.41701,0.07444,103.3702
0.41701,0.07897,106.4637
0.41701,0.08377,109.9996
0.41701,0.08886,114.0405
0.41701,0.09427,118.6587
0.41701,0.10000,123.9368
0.44460,0.01000,83.1382
0.44460,0.01061,83.1645
0.44460,0.01125,83.1964
0.44460,0.01194,83.2348
0.44460,0.01266,83.2806
0.44460,0.01343,83.3348
0.44460,0.01425,83.3988
0.44460,0.01512,83.4740
0.44460,0.01604,83.5619
0.44460,0.01701,83.6645
0.44460,0.01805,83.7837
0.44460,0.01914,83.9220
0.44460,0.02031,84.0820
0.44460,0.02154,84.2668
0.44460,0.02285,84.4798
0.44460,0.02424,84.7249
0.44460,0.02572,85.0067
0.44460,0.02728,85.3301
0.44460,0.02894,85.7008
0.44460,0.03070,86.1254
0.44460,0.03257,86.6113
0.44460,0.03455,87.1669
0.44460,0.03665,87.8016
0.44460,0.03888,88.5264
0.44460,0.04125,89.3535
0.44460,0.04375,90.2970
0.44460,0.04642,91.3726
0.44460,0.04924,92.5986
0.44460,0.05223,93.9955
0.44460,0.05541,95.5867
0.44460,0.05878,97.3989
0.44460,0.06236,99.4627
0.44460,0.06615,101.8126
0.44460,0.07017,104.4883
0.44460,0.07444,107.5350
0.44460,0.07897,111.0044
0.44460,0.08377,114.9556
0.44460,0.08886,119.4561
0.44460,0.09427,124.5835
0.44460,0.10000,130.4266
0.47401,0.01000,84.1643
0.47401,0.01061,84.2535
0.47401,0.01125,84.3523
0.47401,0.01194,84.4615
0.47401,0.01266,84.5826
0.47401,0.01343,84.7168
0.47401,0.01425,84.8658
0.47401,0.01512,85.0312
0.47401,0.01604,85.2150
0.47401,0.01701,85.4193
0.47401,0.01805,85.6467
0.47401,0.01914,85.8999
0.47401,0.02031,86.1820
0.47401,0.02154,86.4966
0.47401,0.02285,86.8475
0.47401,0.02424,87.2392
0.47401,0.02572,87.6768
0.47401,0.02728,88.1659
0.47401,0.02894,88.7128
0.47401,0.03070,89.3248
0.47401,0.03257,90.0100
0.47401,0.03455,90.7777
0.47401,0.03665,91.6380
0.47401,0.03888,92.6030
0.47401,0.04125,93.6857
0.47401,0.04375,94.9013
0.47401,0.04642,96.2668
0.47401,0.04924,97.8015
0.47401,0.05223,99.5273
0.47401,0.05541,101.4691
0.47401,0.05878,103.6551
0.47401,0.06236,106.1174
0.47401,0.06615,108.8925
0.47401,0.07017,112.0220
0.47401,0.07444,115.5531
0.47401,0.07897,119.5397
0.47401,0.08377,124.0436
0.47401,0.08886,129.1349
0.47401,0.09427,134.8940
0.47401,0.10000,141.4131
0.50537,0.01000,84.8765
0.50537,0.01061,85.0103
0.50537,0.01125,85.1565
0.50537,0.01194,85.3163
0.50537,0.01266,85.4911
0.50537,0.01343,85.6826
0.50537,0.01425,85.8926
0.50537,0.01512,86.1230
0.50537,0.01604,86.3761
0.50537,0.01701,86.6543
0.50537,0.01805,86.9605
0.50537,0.01914,87.2977
0.50537,0.02031,87.6696
0.50537,0.02154,88.0798
0.50537,0.02285,88.5330
0.50537,0.02424,89.0340
0.50537,0.02572,89.5883
0.50537,0.02728,90.2022
0.50537,0.02894,90.8826
0.50537,0.03070,91.6375
0.50537,0.03257,92.4757
0.50537,0.03455,93.4072
0.50537,0.03665,94.4433
0.50537,0.03888,95.5966
0.50537,0.04125,96.8815
0.50537,0.04375,98.3142
0.50537,0.04642,99.9129
0.50537,0.04924,101.6985
0.50537,0.05223,103.6943
0.50537,0.05541,105.9268
0.50537,0.05878,108.4262
0.50537,0.06236,111.2265
0.50537,0.06615,114.3667
0.50537,0.07017,117.8906
0.50537,0.07444,121.8485
0.50537,0.07897,126.2974
0.50537,0.08377,131.3024
0.50537,0.08886,136.9376
0.50537,0.09427,143.2879
0.50537,0.10000,150.4503
0.51047,0.01000,85.0114
0.51047,0.01061,85.1540
0.51047,0.01125,85.3095
0.51047,0.01194,85.4793
0.51047,0.01266,85.6649
0.51047,0.01343,85.8679
0.51047,0.01425,86.0902
0.51047,0.01512,86.3338
0.51047,0.01604,86.6010
0.51047,0.01701,86.8944
0.51047,0.01805,87.2169
0.51047,0.01914,87.5716
0.51047,0.02031,87.9622
0.51047,0.02154,88.3927
0.51047,0.02285,88.8676
0.51047,0.02424,89.3920
0.51047,0.02572,89.9715
0.51047,0.02728,90.6126
0.51047,0.02894,91.3225
0.51047,0.03070,92.1091
0.51047,0.03257,92.9816
0.51047,0.03455,93.9502
0.51047,0.03665,95.0265
0.51047,0.03888,96.2234
0.51047,0.04125,97.5556
0.51047,0.04375,99.0396
0.51047,0.04642,100.6942
0.51047,0.04924,102.5406
0.51047,0.05223,104.6026
0.51047,0.05541,106.9073
0.51047,0.05878,109.4856
0.51047,0.06236,112.3723
0.51047,0.06615,115.6068
0.51047,0.07017,119.2342
0.51047,0.07444,123.3057
0.51047,0.07897,127.8794
0.51047,0.08377,133.0216
0.51047,0.08886,138.8081
0.51047,0.09427,145.3253
0.51047,0.10000,152.6719
0.54425,0.01000,85.3036
0.54425,0.01061,85.4705
0.54425,0.01125,85.6525
0.54425,0.01194,85.8514
0.54425,0.01266,86.0688
0.54425,0.01343,86.3068
0.54425,0.01425,86.5675
0.54425,0.01512,86.8533
0.54425,0.01604,87.1670
0.54425,0.01701,87.5117
0.54425,0.01805,87.8906
0.54425,0.01914,88.3077
0.54425,0.02031,88.7672
0.54425,0.02154,89.2739
0.54425,0.02285,89.8330
0.54425,0.02424,90.4508
0.54425,0.02572,91.1338
0.54425,0.02728,91.8897
0.54425,0.02894,92.7270
0.54425,0.03070,93.6553
0.54425,0.03257,94.6853
0.54425,0.03455,95.8293
0.54425,0.03665,97.1010
0.54425,0.03888,98.5157
0.54425,0.04125,100.0909
0.54425,0.04375,101.8464
0.54425,0.04642,103.8043
0.54425,0.04924,105.9898
0.54425,0.05223,108.4315
0.54425,0.05541,111.1615
0.54425,0.05878,114.2164
0.54425,0.06236,117.6377
0.54425,0.06615,121.4726
0.54425,0.07017,125.7744
0.54425,0.07444,130.6042
0.54425,0.07897,136.0312
0.54425,0.08377,142.1344
0.54425,0.08886,149.0040
0.54425,0.09427,156.7428
0.54425,0.10000,165.4687
0.58025,0.01000,84.9669
0.58025,0.01061,85.1221
0.58025,0.01125,85.2930
0.58025,0.01194,85.4813
0.58025,0.01266,85.6889
0.58025,0.01343,85.9181
0.58025,0.01425,86.1712
0.58025,0.01512,86.4512
0.58025,0.01604,86.7609
0.58025,0.01701,87.1040
0.58025,0.01805,87.4842
0.58025,0.01914,87.9060
0.58025,0.02031,88.3741
0.58025,0.02154,88.8943
0.58025,0.02285,89.4726
0.58025,0.02424,90.1160
0.58025,0.02572,90.8324
0.58025,0.02728,91.6306
0.58025,0.02894,92.5207
0.58025,0.03070,93.5138
0.58025,0.03257,94.6226
0.58025,0.03455,95.8615
0.58025,0.03665,97.2466
0.58025,0.03888,98.7963
0.58025,0.04125,100.5312
0.58025,0.04375,102.4747
0.58025,0.04642,104.6533
0.58025,0.04924,107.0969
0.58025,0.05223,109.8397
0.58025,0.05541,112.9201
0.58025,0.05878,116.3819
0.58025,0.06236,120.2750
0.58025,0.06615,124.6558
0.58025,0.07017,129.5887
0.58025,0.07444,135.1469
0.58025,0.07897,141.4141
0.58025,0.08377,148.4854
0.58025,0.08886,156.4698
0.58025,0.09427,165.4917
0.58025,0.10000,175.6934
0.61864,0.01000,83.8793
0.61864,0.01061,83.9724
0.61864,0.01125,84.0780
0.61864,0.01194,84.1976
0.61864,0.01266,84.3330
0.61864,0.01343,84.4864
0.61864,0.01425,84.6600
0.61864,0.01512,84.8564
0.61864,0.01604,85.0787
0.61864,0.01701,85.3301
0.61864,0.01805,85.6145
0.61864,0.01914,85.9362
0.61864,0.02031,86.3000
0.61864,0.02154,86.7113
0.61864,0.02285,87.1765
0.61864,0.02424,87.7023
0.61864,0.02572,88.2969
0.61864,0.02728,88.9690
0.61864,0.02894,89.7290
0.61864,0.03070,90.5882
0.61864,0.03257,91.5597
0.61864,0.03455,92.6582
0.61864,0.03665,93.9003
0.61864,0.03888,95.3051
0.61864,0.04125,96.8939
0.61864,0.04375,98.6912
0.61864,0.04642,100.7244
0.61864,0.04924,103.0252
0.61864,0.05223,105.6290
0.61864,0.05541,108.5765
0.61864,0.05878,111.9138
0.61864,0.06236,115.6934
0.61864,0.06615,119.9751
0.61864,0.07017,124.8271
0.61864,0.07444,130.3272
0.61864,0.07897,136.5641
0.61864,0.08377,143.6393
0.61864,0.08886,151.6689
0.61864,0.09427,160.7857
0.61864,0.10000,171.1419
0.65957,0.01000,82.5250
0.65957,0.01061,82.5323
0.65957,0.01125,82.5463
0.65957,0.01194,82.5683
0.65957,0.01266,82.5996
0.65957,0.01343,82.6419
0.65957,0.01425,82.6969
0.65957,0.01512,82.7668
0.65957,0.01604,82.8539
0.65957,0.01701,82.9609
0.65957,0.01805,83.0910
0.65957,0.01914,83.2476
0.65957,0.02031,83.4347
0.65957,0.02154,83.6571
0.65957,0.02285,83.9198
0.65957,0.02424,84.2288
0.65957,0.02572,84.5909
0.65957,0.02728,85.0138
0.65957,0.02894,85.5063
0.65957,0.03070,86.0782
0.65957,0.03257,86.7410
0.65957,0.03455,87.5076
0.65957,0.03665,88.3927
0.65957,0.03888,89.4129
0.65957,0.04125,90.5874
0.65957,0.04375,91.9378
0.65957,0.04642,93.4887
0.65957,0.04924,95.2684
0.65957,0.05223,97.3089
0.65957,0.05541,99.6467
0.65957,0.05878,102.3235
0.65957,0.06236,105.3869
0.65957,0.06615,108.8911
0.65957,0.07017,112.8981
0.65957,0.07444,117.4790
0.65957,0.07897,122.7147
0.65957,0.08377,128.6981
0.65957,0.08886,135.5356
0.65957,0.09427,143.3491
0.65957,0.10000,152.2786
0.70320,0.01000,81.7615
0.70320,0.01061,81.7174
0.70320,0.01125,81.6762
0.70320,0.01194,81.6389
0.70320,0.01266,81.6065
0.70320,0.01343,81.5803
0.70320,0.01425,81.5616
0.70320,0.01512,81.5522
0.70320,0.01604,81.5538
0.70320,0.01701,81.5687
0.70320,0.01805,81.5993
0.70320,0.01914,81.6486
0.70320,0.02031,81.7198
0.70320,0.02154,81.8167
0.70320,0.02285,81.9437
0.70320,0.02424,82.1056
0.70320,0.02572,82.3083
0.70320,0.02728,82.5581
0.70320,0.02894,82.8625
0.70320,0.03070,83.2301
0.70320,0.03257,83.6704
0.70320,0.03455,84.1946
0.70320,0.03665,84.8152
0.70320,0.03888,85.5469
0.70320,0.04125,86.4059
0.70320,0.04375,87.4112
0.70320,0.04642,88.5842
0.70320,0.04924,89.9495
0.70320,0.05223,91.5351
0.70320,0.05541,93.3730
0.70320,0.05878,95.4998
0.70320,0.06236,97.9574
0.70320,0.06615,100.7935
0.70320,0.07017,104.0630
0.70320,0.07444,107.8285
0.70320,0.07897,112.1618
0.70320,0.08377,117.1451
0.70320,0.08886,122.8730
0.70320,0.09427,129.4537
0.70320,0.10000,137.0119
0.74972,0.01000,82.1691
0.74972,0.01061,82.1501
0.74972,0.01125,82.1357
0.74972,0.01194,82.1269
0.74972,0.01266,82.1248
0.74972,0.01343,82.1307
0.74972,0.01425,82.1463
0.74972,0.01512,82.1733
0.74972,0.01604,82.2136
0.74972,0.01701,82.2697
0.74972,0.01805,82.3442
0.74972,0.01914,82.4401
0.74972,0.02031,82.5610
0.74972,0.02154,82.7108
0.74972,0.02285,82.8941
0.74972,0.02424,83.1161
0.74972,0.02572,83.3826
0.74972,0.02728,83.7006
0.74972,0.02894,84.0776
0.74972,0.03070,84.5226
0.74972,0.03257,85.0455
0.74972,0.03455,85.6578
0.74972,0.03665,86.3725
0.74972,0.03888,87.2046
0.74972,0.04125,88.1709
0.74972,0.04375,89.2907
0.74972,0.04642,90.5862
0.74972,0.04924,92.0825
0.74972,0.05223,93.8082
0.74972,0.05541,95.7961
0.74972,0.05878,98.0834
0.74972,0.06236,100.7130
0.74972,0.06615,103.7335
0.74972,0.07017,107.2008
0.74972,0.07444,111.1784
0.74972,0.07897,115.7396
0.74972,0.08377,120.9677
0.74972,0.08886,126.9588
0.74972,0.09427,133.8227
0.74972,0.10000,141.6858
0.79932,0.01000,83.5715
0.79932,0.01061,83.6421
0.79932,0.01125,83.7233
0.79932,0.01194,83.8166
0.79932,0.01266,83.9234
0.79932,0.01343,84.0457
0.79932,0.01425,84.1857
0.79932,0.01512,84.3455
0.79932,0.01604,84.5279
0.79932,0.01701,84.7360
0.79932,0.01805,84.9732
0.79932,0.01914,85.2433
0.79932,0.02031,85.5508
0.79932,0.02154,85.9007
0.79932,0.02285,86.2985
0.79932,0.02424,86.7506
0.79932,0.02572,87.2643
0.79932,0.02728,87.8478
0.79932,0.02894,88.5104
0.79932,0.03070,89.2625
0.79932,0.03257,90.1161
0.79932,0.03455,91.0846
0.79932,0.03665,92.1835
0.79932,0.03888,93.4300
0.79932,0.04125,94.8440
0.79932,0.04375,96.4478
0.79932,0.04642,98.2668
0.79932,0.04924,100.3300
0.79932,0.05223,102.6702
0.79932,0.05541,105.3248
0.79932,0.05878,108.3364
0.79932,0.06236,111.7534
0.79932,0.06615,115.6310
0.79932,0.07017,120.0322
0.79932,0.07444,125.0289
0.79932,0.07897,130.7031
0.79932,0.08377,137.1486
0.79932,0.08886,144.4728
0.79932,0.09427,152.7984
0.79932,0.10000,162.2665
0.85220,0.01000,85.2020
0.85220,0.01061,85.3735
0.85220,0.01125,85.5619
0.85220,0.01194,85.7691
0.85220,0.01266,85.9972
0.85220,0.01343,86.2484
0.85220,0.01425,86.5253
0.85220,0.01512,86.8309
0.85220,0.01604,87.1684
0.85220,0.01701,87.5415
0.85220,0.01805,87.9543
0.85220,0.01914,88.4114
0.85220,0.02031,88.9179
0.85220,0.02154,89.4796
0.85220,0.02285,90.1032
0.85220,0.02424,90.7958
0.85220,0.02572,91.5659
0.85220,0.02728,92.4226
0.85220,0.02894,93.3764
0.85220,0.03070,94.4393
0.85220,0.03257,95.6244
0.85220,0.03455,96.9468
0.85220,0.03665,98.4235
0.85220,0.03888,100.0736
0.85220,0.04125,101.9189
0.85220,0.04375,103.9837
0.85220,0.04642,106.2959
0.85220,0.04924,108.8868
0.85220,0.05223,111.7920
0.85220,0.05541,115.0519
0.85220,0.05878,118.7122
0.85220,0.06236,122.8251
0.85220,0.06615,127.4496
0.85220,0.07017,132.6529
0.85220,0.07444,138.5118
0.85220,0.07897,145.1134
0.85220,0.08377,152.5573
0.85220,0.08886,160.9573
0.85220,0.09427,170.4433
0.85220,0.10000,181.1640
0.90858,0.01000,86.2757
0.90858,0.01061,86.5089
0.90858,0.01125,86.7623
0.90858,0.01194,87.0378
0.90858,0.01266,87.3378
0.90858,0.01343,87.6647
0.90858,0.01425,88.0211
0.90858,0.01512,88.4102
0.90858,0.01604,88.8354
0.90858,0.01701,89.3004
0.90858,0.01805,89.8094
0.90858,0.01914,90.3672
0.90858,0.02031,90.9790
0.90858,0.02154,91.6508
0.90858,0.02285,92.3890
0.90858,0.02424,93.2010
0.90858,0.02572,94.0952
0.90858,0.02728,95.0807
0.90858,0.02894,96.1679
0.90858,0.03070,97.3686
0.90858,0.03257,98.6958
0.90858,0.03455,100.1642
0.90858,0.03665,101.7904
0.90858,0.03888,103.5931
0.90858,0.04125,105.5934
0.90858,0.04375,107.8149
0.90858,0.04642,110.2843
0.90858,0.04924,113.0321
0.90858,0.05223,116.0923
0.90858,0.05541,119.5036
0.90858,0.05878,123.3098
0.90858,0.06236,127.5606
0.90858,0.06615,132.3122
0.90858,0.07017,137.6286
0.90858,0.07444,143.5824
0.90858,0.07897,150.2562
0.90858,0.08377,157.7441
0.90858,0.08886,166.1535
0.90858,0.09427,175.6068
0.90858,0.10000,186.2438
0.91776,0.01000,86.3560
0.91776,0.01061,86.5932
0.91776,0.01125,86.8507
0.91776,0.01194,87.1304
0.91776,0.01266,87.4347
0.91776,0.01343,87.7660
0.91776,0.01425,88.1269
0.91776,0.01512,88.5205
0.91776,0.01604,88.9503
0.91776,0.01701,89.4198
0.91776,0.01805,89.9334
0.91776,0.01914,90.4957
0.91776,0.02031,91.1118
0.91776,0.02154,91.7877
0.91776,0.02285,92.5299
0.91776,0.02424,93.3455
0.91776,0.02572,94.2428
0.91776,0.02728,95.2310
0.91776,0.02894,96.3202
0.91776,0.03070,97.5220
0.91776,0.03257,98.8494
0.91776,0.03455,100.3168
0.91776,0.03665,101.9406
0.91776,0.03888,103.7393
0.91776,0.04125,105.7335
0.91776,0.04375,107.9465
0.91776,0.04642,110.4049
0.91776,0.04924,113.1383
0.91776,0.05223,116.1804
0.91776,0.05541,119.5692
0.91776,0.05878,123.3479
0.91776,0.06236,127.5652
0.91776,0.06615,132.2765
0.91776,0.07017,137.5446
0.91776,0.07444,143.4409
0.91776,0.07897,150.0466
0.91776,0.08377,157.4541
0.91776,0.08886,165.7688
0.91776,0.09427,175.1110
0.91776,0.10000,185.6179
0.97848,0.01000,86.1437
0.97848,0.01061,86.3612
0.97848,0.01125,86.5968
0.97848,0.01194,86.8525
0.97848,0.01266,87.1302
0.97848,0.01343,87.4319
0.97848,0.01425,87.7602
0.97848,0.01512,88.1176
0.97848,0.01604,88.5071
0.97848,0.01701,88.9320
0.97848,0.01805,89.3959
0.97848,0.01914,89.9030
0.97848,0.02031,90.4577
0.97848,0.02154,91.0651
0.97848,0.02285,91.7309
0.97848,0.02424,92.4615
0.97848,0.02572,93.2639
0.97848,0.02728,94.1460
0.97848,0.02894,95.1168
0.97848,0.03070,96.1861
0.97848,0.03257,97.3653
0.97848,0.03455,98.6668
0.97848,0.03665,100.1048
0.97848,0.03888,101.6952
0.97848,0.04125,103.4559
0.97848,0.04375,105.4070
0.97848,0.04642,107.5712
0.97848,0.04924,109.9742
0.97848,0.05223,112.6449
0.97848,0.05541,115.6161
0.97848,0.05878,118.9248
0.97848,0.06236,122.6129
0.97848,0.06615,126.7281
0.97848,0.07017,131.3242
0.97848,0.07444,136.4626
0.97848,0.07897,142.2128
0.97848,0.08377,148.6541
0.97848,0.08886,155.8769
0.97848,0.09427,163.9843
0.97848,0.10000,173.0937
1.04321,0.01000,84.6065
1.04321,0.01061,84.7247
1.04321,0.01125,84.8543
1.04321,0.01194,84.9966
1.04321,0.01266,85.1531
1.04321,0.01343,85.3252
1.04321,0.01425,85.5148
1.04321,0.01512,85.7237
1.04321,0.01604,85.9542
1.04321,0.01701,86.2087
1.04321,0.01805,86.4900
1.04321,0.01914,86.8010
1.04321,0.02031,87.1454
1.04321,0.02154,87.5269
1.04321,0.02285,87.9500
1.04321,0.02424,88.4194
1.04321,0.02572,88.9409
1.04321,0.02728,89.5204
1.04321,0.02894,90.1651
1.04321,0.03070,90.8828
1.04321,0.03257,91.6824
1.04321,0.03455,92.5739
1.04321,0.03665,93.5686
1.04321,0.03888,94.6792
1.04321,0.04125,95.9202
1.04321,0.04375,97.3079
1.04321,0.04642,98.8607
1.04321,0.04924,100.5995
1.04321,0.05223,102.5480
1.04321,0.05541,104.7329
1.04321,0.05878,107.1848
1.04321,0.06236,109.9381
1.04321,0.06615,113.0322
1.04321,0.07017,116.5116
1.04321,0.07444,120.4273
1.04321,0.07897,124.8371
1.04321,0.08377,129.8071
1.04321,0.08886,135.4127
1.04321,0.09427,141.7400
1.04321,0.10000,148.8877
1.11222,0.01000,82.3219
1.11222,0.01061,82.3004
1.11222,0.01125,82.2818
1.11222,0.01194,82.2668
1.11222,0.01266,82.2563
1.11222,0.01343,82.2512
1.11222,0.01425,82.2526
1.11222,0.01512,82.2618
1.11222,0.01604,82.2802
1.11222,0.01701,82.3095
1.11222,0.01805,82.3517
1.11222,0.01914,82.4089
1.11222,0.02031,82.4837
1.11222,0.02154,82.5789
1.11222,0.02285,82.6979
1.11222,0.02424,82.8445
1.11222,0.02572,83.0229
1.11222,0.02728,83.2381
1.11222,0.02894,83.4957
1.11222,0.03070,83.8021
1.11222,0.03257,84.1647
1.11222,0.03455,84.5918
1.11222,0.03665,85.0930
1.11222,0.03888,85.6791
1.11222,0.04125,86.3625
1.11222,0.04375,87.1574
1.11222,0.04642,88.0799
1.11222,0.04924,89.1484
1.11222,0.05223,90.3840
1.11222,0.05541,91.8106
1.11222,0.05878,93.4557
1.11222,0.06236,95.3506
1.11222,0.06615,97.5309
1.11222,0.07017,100.0378
1.11222,0.07444,102.9179
1.11222,0.07897,106.2249
1.11222,0.08377,110.0202
1.11222,0.08886,114.3742
1.11222,0.09427,119.3678
1.11222,0.10000,125.0937
1.18581,0.01000,80.6349
1.18581,0.01061,80.5081
1.18581,0.01125,80.3775
1.18581,0.01194,80.2434
1.18581,0.01266,80.1060
1.18581,0.01343,79.9658
1.18581,0.01425,79.8234
1.18581,0.01512,79.6794
1.18581,0.01604,79.5346
1.18581,0.01701,79.3900
1.18581,0.01805,79.2469
1.18581,0.01914,79.1065
1.18581,0.02031,78.9705
1.18581,0.02154,78.8409
1.18581,0.02285,78.7200
1.18581,0.02424,78.6104
1.18581,0.02572,78.5153
1.18581,0.02728,78.4383
1.18581,0.02894,78.3836
1.18581,0.03070,78.3562
1.18581,0.03257,78.3616
1.18581,0.03455,78.4065
1.18581,0.03665,78.4984
1.18581,0.03888,78.6462
1.18581,0.04125,78.8597
1.18581,0.04375,79.1507
1.18581,0.04642,79.5324
1.18581,0.04924,80.0203
1.18581,0.05223,80.6321
1.18581,0.05541,81.3879
1.18581,0.05878,82.3112
1.18581,0.06236,83.4288
1.18581,0.06615,84.7715
1.18581,0.07017,86.3749
1.18581,0.07444,88.2797
1.18581,0.07897,90.5329
1.18581,0.08377,93.1884
1.18581,0.08886,96.3084
1.18581,0.09427,99.9646
1.18581,0.10000,104.2395
1.26426,0.01000,80.9977
1.26426,0.01061,80.8842
1.26426,0.01125,80.7665
1.26426,0.01194,80.6448
1.26426,0.01266,80.5191
1.26426,0.01343,80.3898
1.26426,0.01425,80.2571
1.26426,0.01512,80.1213
1.26426,0.01604,79.9830
1.26426,0.01701,79.8427
1.26426,0.01805,79.7010
1.26426,0.01914,79.5589
1.26426,0.02031,79.4174
1.26426,0.02154,79.2777
1.26426,0.02285,79.1412
1.26426,0.02424,79.0097
1.26426,0.02572,78.8853
1.26426,0.02728,78.7703
1.26426,0.02894,78.6674
1.26426,0.03070,78.5800
1.26426,0.03257,78.5119
1.26426,0.03455,78.4674
1.26426,0.03665,78.4518
1.26426,0.03888,78.4708
1.26426,0.04125,78.5313
1.26426,0.04375,78.6414
1.26426,0.04642,78.8100
1.26426,0.04924,79.0479
1.26426,0.05223,79.3671
1.26426,0.05541,79.7816
1.26426,0.05878,80.3077
1.26426,0.06236,80.9640
1.26426,0.06615,81.7718
1.26426,0.07017,82.7559
1.26426,0.07444,83.9447
1.26426,0.07897,85.3709
1.26426,0.08377,87.0723
1.26426,0.08886,89.0925
1.26426,0.09427,91.4815
1.26426,0.10000,94.2973
1.34789,0.01000,83.8405
1.34789,0.01061,83.8979
1.34789,0.01125,83.9613
1.34789,0.01194,84.0313
1.34789,0.01266,84.1088
1.34789,0.01343,84.1947
1.34789,0.01425,84.2898
1.34789,0.01512,84.3952
1.34789,0.01604,84.5123
1.34789,0.01701,84.6423
1.34789,0.01805,84.7867
1.34789,0.01914,84.9474
1.34789,0.02031,85.1262
1.34789,0.02154,85.3254
1.34789,0.02285,85.5473
1.34789,0.02424,85.7949
1.34789,0.02572,86.0711
1.34789,0.02728,86.3796
1.34789,0.02894,86.7242
1.34789,0.03070,87.1095
1.34789,0.03257,87.5406
1.34789,0.03455,88.0232
1.34789,0.03665,88.5636
1.34789,0.03888,89.1693
1.34789,0.04125,89.8486
1.34789,0.04375,90.6107
1.34789,0.04642,91.4662
1.34789,0.04924,92.4273
1.34789,0.05223,93.5075
1.34789,0.05541,94.7222
1.34789,0.05878,96.0891
1.34789,0.06236,97.6282
1.34789,0.06615,99.3620
1.34789,0.07017,101.3165
1.34789,0.07444,103.5211
1.34789,0.07897,106.0093
1.34789,0.08377,108.8195
1.34789,0.08886,111.9955
1.34789,0.09427,115.5873
1.34789,0.10000,119.6521
1.43707,0.01000,86.8993
1.43707,0.01061,87.1446
1.43707,0.01125,87.4075
1.43707,0.01194,87.6895
1.43707,0.01266,87.9922
1.43707,0.01343,88.3172
1.43707,0.01425,88.6663
1.43707,0.01512,89.0418
1.43707,0.01604,89.4456
1.43707,0.01701,89.8805
1.43707,0.01805,90.3489
1.43707,0.01914,90.8540
1.43707,0.02031,91.3989
1.43707,0.02154,91.9872
1.43707,0.02285,92.6231
1.43707,0.02424,93.3108
1.43707,0.02572,94.0552
1.43707,0.02728,94.8617
1.43707,0.02894,95.7363
1.43707,0.03070,96.6857
1.43707,0.03257,97.7171
1.43707,0.03455,98.8388
1.43707,0.03665,100.0599
1.43707,0.03888,101.3905
1.43707,0.04125,102.8421
1.43707,0.04375,104.4273
1.43707,0.04642,106.1602
1.43707,0.04924,108.0568
1.43707,0.05223,110.1348
1.43707,0.05541,112.4143
1.43707,0.05878,114.9176
1.43707,0.06236,117.6701
1.43707,0.06615,120.7001
1.43707,0.07017,124.0397
1.43707,0.07444,127.7252
1.43707,0.07897,131.7974
1.43707,0.08377,136.3028
1.43707,0.08886,141.2939
1.43707,0.09427,146.8303
1.43707,0.10000,152.9798
1.53214,0.01000,86.1569
1.53214,0.01061,86.3512
1.53214,0.01125,86.5592
1.53214,0.01194,86.7821
1.53214,0.01266,87.0212
1.53214,0.01343,87.2776
1.53214,0.01425,87.5529
1.53214,0.01512,87.8485
1.53214,0.01604,88.1662
1.53214,0.01701,88.5079
1.53214,0.01805,88.8756
1.53214,0.01914,89.2715
1.53214,0.02031,89.6982
1.53214,0.02154,90.1584
1.53214,0.02285,90.6550
1.53214,0.02424,91.1914
1.53214,0.02572,91.7714
1.5321384982115358,0.02728333376486768,92.39878225397936
1.5321384982115358,0.028942661247167503,93.07822307478361
1.5321384982115358,0.0307029062975785,93.81465234719766
1.5321384982115358,0.03257020655659783,94.61359070266163
1.5321384982115358,0.03455107294592218,95.4811703050417
1.5321384982115358,0.03665241237079628,96.42421031382588
1.5321384982115358,0.038881551803080894,97.4503025126553
1.5321384982115358,0.04124626382901352,98.56790851534302
1.5321384982115358,0.043754793750741844,99.78647034577256
1.5321384982115358,0.046415888336127774,101.11653629178711
1.5321384982115358,0.04923882631706739,102.56990436904137
1.5321384982115358,0.052233450742668434,104.15978607645948
1.5321384982115358,0.05541020330009492,105.90099349750562
1.5321384982115358,0.05878016072274912,107.81015346060768
1.5321384982115358,0.062355073412739125,109.90595291337083
1.60000,0.00300,83.2311
1.60000,0.00364,83.2372
1.60000,0.00441,83.2465
1.60000,0.00535,83.2607
1.60000,0.00648,83.2822
1.60000,0.00786,83.3146
1.60000,0.00953,83.3631
1.60000,0.01155,83.4357
1.60000,0.01401,83.5441
1.60000,0.01698,83.7055
1.60000,0.02059,83.9459
1.60000,0.02496,84.3036
1.60000,0.03027,84.8361
1.60000,0.03670,85.6293
1.60000,0.04449,86.8121
1.60000,0.05394,88.5790
1.60000,0.06540,91.2248
1.60000,0.07929,95.1989
1.60000,0.09614,101.1919
1.60000,0.11656,110.2757
1.60000,0.14132,124.1321
1.60000,0.17134,145.4390
1.60000,0.20774,178.5353
1.60000,0.25186,230.6054
1.60000,0.30537,313.8712
1.60000,0.37023,449.8393
1.60000,0.44888,678.0121
1.60000,0.54423,1075.0584
1.60000,0.65984,1800.9680
1.60000,0.80000,3224.3248
1.79191,0.00300,82.6702
1.79191,0.00364,82.5555
1.79191,0.00441,82.4177
1.79191,0.00535,82.2524
1.79191,0.00648,82.0547
1.79191,0.00786,81.8188
1.79191,0.00953,81.5386
1.79191,0.01155,81.2074
1.79191,0.01401,80.8183
1.79191,0.01698,80.3652
1.79191,0.02059,79.8435
1.79191,0.02496,79.2520
1.79191,0.03027,78.5961
1.79191,0.03670,77.8924
1.79191,0.04449,77.1764
1.79191,0.05394,76.5150
1.79191,0.06540,76.0262
1.79191,0.07929,75.9107
1.79191,0.09614,76.5034
1.79191,0.11656,78.3577
1.79191,0.14132,82.3866
1.79191,0.17134,90.1015
1.79191,0.20774,104.0306
1.79191,0.25186,128.4688
1.79191,0.30537,170.8803
1.79191,0.37023,244.6365
1.79191,0.44888,374.6790
1.79191,0.54423,610.0935
1.79191,0.65984,1054.7086
1.79191,0.80000,1951.5749
2.00684,0.00300,83.6106
2.00684,0.00364,83.6943
2.00684,0.00441,83.7966
2.00684,0.00535,83.9217
2.00684,0.00648,84.0751
2.00684,0.00786,84.2634
2.00684,0.00953,84.4954
2.00684,0.01155,84.7819
2.00684,0.01401,85.1372
2.00684,0.01698,85.5795
2.00684,0.02059,86.1330
2.00684,0.02496,86.8297
2.00684,0.03027,87.7124
2.00684,0.03670,88.8394
2.00684,0.04449,90.2910
2.00684,0.05394,92.1790
2.00684,0.06540,94.6614
2.00684,0.07929,97.9653
2.00684,0.09614,102.4213
2.00684,0.11656,108.5193
2.00684,0.14132,116.9985
2.00684,0.17134,128.9970
2.00684,0.20774,146.3067
2.00684,0.25186,171.8246
2.00684,0.30537,210.3832
2.00684,0.37023,270.3530
2.00684,0.44888,366.9269
2.00684,0.54423,529.3720
2.00684,0.65984,818.6786
2.00684,0.80000,1376.9253
2.24756,0.00300,83.1924
2.24756,0.00364,83.1865
2.24756,0.00441,83.1797
2.24756,0.00535,83.1720
2.24756,0.00648,83.1634
2.24756,0.00786,83.1542
2.24756,0.00953,83.1449
2.24756,0.01155,83.1361
2.24756,0.01401,83.1292
2.24756,0.01698,83.1265
2.24756,0.02059,83.1317
2.24756,0.02496,83.1504
2.24756,0.03027,83.1917
2.24756,0.03670,83.2695
2.24756,0.04449,83.4054
2.24756,0.05394,83.6328
2.24756,0.06540,84.0033
2.24756,0.07929,84.5968
2.24756,0.09614,85.5377
2.24756,0.11656,87.0211
2.24756,0.14132,89.3564
2.24756,0.17134,93.0394
2.24756,0.20774,98.8795
2.24756,0.25186,108.2257
2.24756,0.30537,123.3873
2.24756,0.37023,148.4570
2.24756,0.44888,191.0175
2.24756,0.54423,265.9652
2.24756,0.65984,405.0133
2.24756,0.80000,684.3461
2.51714,0.00300,83.1207
2.51714,0.00364,83.0993
2.51714,0.00441,83.0736
2.51714,0.00535,83.0428
2.51714,0.00648,83.0061
2.51714,0.00786,82.9624
2.51714,0.00953,82.9106
2.51714,0.01155,82.8495
2.51714,0.01401,82.7782
2.51714,0.01698,82.6957
2.51714,0.02059,82.6014
2.51714,0.02496,82.4958
2.51714,0.03027,82.3808
2.51714,0.03670,82.2605
2.51714,0.04449,82.1438
2.51714,0.05394,82.0459
2.51714,0.06540,81.9933
2.51714,0.07929,82.0303
2.51714,0.09614,82.2300
2.51714,0.11656,82.7122
2.51714,0.14132,83.6732
2.51714,0.17134,85.4370
2.51714,0.20774,88.5441
2.51714,0.25186,93.9116
2.51714,0.30537,103.1345
2.51714,0.37023,119.0766
2.51714,0.44888,147.1089
2.51714,0.54423,197.9121
2.51714,0.65984,294.5518
2.51714,0.80000,493.6897
2.81906,0.00300,83.3221
2.81906,0.00364,83.3433
2.81906,0.00441,83.3693
2.81906,0.00535,83.4010
2.81906,0.00648,83.4399
2.81906,0.00786,83.4876
2.81906,0.00953,83.5464
2.81906,0.01155,83.6189
2.81906,0.01401,83.7088
2.81906,0.01698,83.8206
2.81906,0.02059,83.9605
2.81906,0.02496,84.1364
2.81906,0.03027,84.3591
2.81906,0.03670,84.6430
2.81906,0.04449,85.0084
2.81906,0.05394,85.4829
2.81906,0.06540,86.1060
2.81906,0.07929,86.9341
2.81906,0.09614,88.0492
2.81906,0.11656,89.5731
2.81906,0.14132,91.6890
2.81906,0.17134,94.6791
2.81906,0.20774,98.9880
2.81906,0.25186,105.3351
2.81906,0.30537,114.9233
2.81906,0.37023,129.8451
2.81906,0.44888,153.9272
2.81906,0.54423,194.6444
2.81906,0.65984,268.0041
2.81906,0.80000,413.7335
3.15719,0.00300,83.1841
3.15719,0.00364,83.1758
3.15719,0.00441,83.1658
3.15719,0.00535,83.1538
3.15719,0.00648,83.1395
3.15719,0.00786,83.1223
3.15719,0.00953,83.1020
3.15719,0.01155,83.0778
3.15719,0.01401,83.0493
3.15719,0.01698,83.0161
3.15719,0.02059,82.9776
3.15719,0.02496,82.9337
3.15719,0.03027,82.8845
3.15719,0.03670,82.8311
3.15719,0.04449,82.7754
3.15719,0.05394,82.7218
3.15719,0.06540,82.6776
3.15719,0.07929,82.6561
3.15719,0.09614,82.6790
3.15719,0.11656,82.7830
3.15719,0.14132,83.0287
3.15719,0.17134,83.5171
3.15719,0.20774,84.4183
3.15719,0.25186,86.0236
3.15719,0.30537,88.8440
3.15719,0.37023,93.8090
3.15719,0.44888,102.6918
3.15719,0.54423,119.1156
3.15719,0.65984,151.2865
3.15719,0.80000,221.4491
3.53589,0.00300,83.2397
3.53589,0.00364,83.2432
3.53589,0.00441,83.2474
3.53589,0.00535,83.2525
3.53589,0.00648,83.2588
3.53589,0.00786,83.2666
3.53589,0.00953,83.2763
3.53589,0.01155,83.2882
3.53589,0.01401,83.3031
3.53589,0.01698,83.3218
3.53589,0.02059,83.3453
3.53589,0.02496,83.3751
3.53589,0.03027,83.4132
3.53589,0.03670,83.4623
3.53589,0.04449,83.5262
3.53589,0.05394,83.6103
3.53589,0.06540,83.7222
3.53589,0.07929,83.8731
3.53589,0.09614,84.0793
3.53589,0.11656,84.3653
3.53589,0.14132,84.7685
3.53589,0.17134,85.3471
3.53589,0.20774,86.1937
3.53589,0.25186,87.4608
3.53589,0.30537,89.4083
3.53589,0.37023,92.5003
3.53589,0.44888,97.6206
3.53589,0.54423,106.6086
3.53589,0.65984,123.8483
3.53589,0.80000,162.6162
3.96000,0.00300,83.2104
3.96000,0.00364,83.2075
3.96000,0.00441,83.2040
3.96000,0.00535,83.1998
3.96000,0.00648,83.1947
3.96000,0.00786,83.1886
3.96000,0.00953,83.1812
3.96000,0.01155,83.1723
3.96000,0.01401,83.1617
3.96000,0.01698,83.1488
3.96000,0.02059,83.1335
3.96000,0.02496,83.1153
3.96000,0.03027,83.0936
3.96000,0.03670,83.0681
3.96000,0.04449,83.0382
3.96000,0.05394,83.0035
3.96000,0.06540,82.9639
3.96000,0.07929,82.9195
3.96000,0.09614,82.8716
3.96000,0.11656,82.8225
3.96000,0.14132,82.7775
3.96000,0.17134,82.7462
3.96000,0.20774,82.7473
3.96000,0.25186,82.8157
3.96000,0.30537,83.0191
3.96000,0.37023,83.4949
3.96000,0.44888,84.5437
3.96000,0.54423,86.8989
3.96000,0.65984,92.6815
3.96000,0.80000,110.0323
4.00000,0.00300,83.2121
4.00000,0.00364,83.2096
4.00000,0.00441,83.2066
4.00000,0.00535,83.2030
4.00000,0.00648,83.1986
4.00000,0.00786,83.1933
4.00000,0.00953,83.1869
4.00000,0.01155,83.1792
4.00000,0.01401,83.1699
4.00000,0.01698,83.1588
4.00000,0.02059,83.1456
4.00000,0.02496,83.1298
4.00000,0.03027,83.1112
4.00000,0.03670,83.0892
4.00000,0.04449,83.0635
4.00000,0.05394,83.0339
4.00000,0.06540,83.0003
4.00000,0.07929,82.9629
4.00000,0.09614,82.9231
4.00000,0.11656,82.8832
4.00000,0.14132,82.8482
4.00000,0.17134,82.8276
4.00000,0.20774,82.8391
4.00000,0.25186,82.9158
4.00000,0.30537,83.1218
4.00000,0.37023,83.5877
4.00000,0.44888,84.6000
4.00000,0.54423,86.8638
4.00000,0.65984,92.4375
4.00000,0.80000,109.3141
4.47978,0.00300,83.1944
4.47978,0.00364,83.1881
4.47978,0.00441,83.1805
4.47978,0.00535,83.1713
4.47978,0.00648,83.1601
4.47978,0.00786,83.1465
4.47978,0.00953,83.1301
4.47978,0.01155,83.1101
4.47978,0.01401,83.0859
4.47978,0.01698,83.0565
4.47978,0.02059,83.0209
4.47978,0.02496,82.9778
4.47978,0.03027,82.9254
4.47978,0.03670,82.8619
4.47978,0.04449,82.7848
4.47978,0.05394,82.6914
4.47978,0.06540,82.5781
4.47978,0.07929,82.4408
4.47978,0.09614,82.2744
4.47978,0.11656,82.0730
4.47978,0.14132,81.8298
4.47978,0.17134,81.5371
4.47978,0.20774,81.1874
4.47978,0.25186,80.7756
4.47978,0.30537,80.3057
4.47978,0.37023,79.8094
4.47978,0.44888,79.4028
4.47978,0.54423,79.4786
4.47978,0.65984,81.4774
4.47978,0.80000,92.0429
5.01711,0.00300,83.2096
5.01711,0.00364,83.2066
5.01711,0.00441,83.2029
5.01711,0.00535,83.1984
5.01711,0.00648,83.1929
5.01711,0.00786,83.1863
5.01711,0.00953,83.1783
5.01711,0.01155,83.1685
5.01711,0.01401,83.1567
5.01711,0.01698,83.1423
5.01711,0.02059,83.1248
5.01711,0.02496,83.1036
5.01711,0.03027,83.0778
5.01711,0.03670,83.0465
5.01711,0.04449,83.0083
5.01711,0.05394,82.9618
5.01711,0.06540,82.9050
5.01711,0.07929,82.8358
5.01711,0.09614,82.7512
5.01711,0.11656,82.6478
5.01711,0.14132,82.5212
5.01711,0.17134,82.3666
5.01711,0.20774,82.1784
5.01711,0.25186,81.9521
5.01711,0.30537,81.6884
5.01711,0.37023,81.4070
5.01711,0.44888,81.1926
5.01711,0.54423,81.3609
5.01711,0.65984,83.1631
5.01711,0.80000,92.7515
5.61889,0.00300,83.2168
5.61889,0.00364,83.2153
5.61889,0.00441,83.2135
5.61889,0.00535,83.2112
5.61889,0.00648,83.2085
5.61889,0.00786,83.2052
5.61889,0.00953,83.2012
5.61889,0.01155,83.1964
5.61889,0.01401,83.1905
5.61889,0.01698,83.1834
5.61889,0.02059,83.1747
5.61889,0.02496,83.1641
5.61889,0.03027,83.1513
5.61889,0.03670,83.1357
5.61889,0.04449,83.1167
5.61889,0.05394,83.0935
5.61889,0.06540,83.0652
5.61889,0.07929,83.0308
5.61889,0.09614,82.9887
5.61889,0.11656,82.9372
5.61889,0.14132,82.8745
5.61889,0.17134,82.7983
5.61889,0.20774,82.7068
5.61889,0.25186,82.5999
5.61889,0.30537,82.4842
5.61889,0.37023,82.3863
5.61889,0.44888,82.3996
5.61889,0.54423,82.8484
5.61889,0.65984,84.9875
5.61889,0.80000,94.9475
6.29285,0.00300,83.2277
6.29285,0.00364,83.2284
6.29285,0.00441,83.2294
6.29285,0.00535,83.2305
6.29285,0.00648,83.2319
6.29285,0.00786,83.2336
6.29285,0.00953,83.2356
6.29285,0.01155,83.2381
6.29285,0.01401,83.2411
6.29285,0.01698,83.2448
6.29285,0.02059,83.2492
6.29285,0.02496,83.2545
6.29285,0.03027,83.2610
6.29285,0.03670,83.2688
6.29285,0.04449,83.2783
6.29285,0.05394,83.2899
6.29285,0.06540,83.3038
6.29285,0.07929,83.3207
6.29285,0.09614,83.3412
6.29285,0.11656,83.3661
6.29285,0.14132,83.3966
6.29285,0.17134,83.4343
6.29285,0.20774,83.4820
6.29285,0.25186,83.5454
6.29285,0.30537,83.6377
6.29285,0.37023,83.7930
6.29285,0.44888,84.1117
6.29285,0.54423,84.9208
6.29285,0.65984,87.4619
6.29285,0.80000,97.7987
7.04765,0.00300,83.2249
7.04765,0.00364,83.2250
7.04765,0.00441,83.2253
7.04765,0.00535,83.2255
7.04765,0.00648,83.2259
7.04765,0.00786,83.2262
7.04765,0.00953,83.2267
7.04765,0.01155,83.2272
7.04765,0.01401,83.2279
7.04765,0.01698,83.2286
7.04765,0.02059,83.2295
7.04765,0.02496,83.2306
7.04765,0.03027,83.2318
7.04765,0.03670,83.2331
7.04765,0.04449,83.2345
7.04765,0.05394,83.2361
7.04765,0.06540,83.2376
7.04765,0.07929,83.2389
7.04765,0.09614,83.2397
7.04765,0.11656,83.2395
7.04765,0.14132,83.2378
7.04765,0.17134,83.2335
7.04765,0.20774,83.2257
7.04765,0.25186,83.2144
7.04765,0.30537,83.2039
7.04765,0.37023,83.2138
7.04765,0.44888,83.3197
7.04765,0.54423,83.8036
7.04765,0.65984,85.8192
7.04765,0.80000,95.2429
7.89299,0.00300,83.2212
7.89299,0.00364,83.2206
7.89299,0.00441,83.2198
7.89299,0.00535,83.2189
7.89299,0.00648,83.2178
7.89299,0.00786,83.2165
7.89299,0.00953,83.2148
7.89299,0.01155,83.2128
7.89299,0.01401,83.2103
7.89299,0.01698,83.2072
7.89299,0.02059,83.2034
7.89299,0.02496,83.1986
7.89299,0.03027,83.1926
7.89299,0.03670,83.1851
7.89299,0.04449,83.1755
7.89299,0.05394,83.1633
7.89299,0.06540,83.1475
7.89299,0.07929,83.1270
7.89299,0.09614,83.0998
7.89299,0.11656,83.0637
7.89299,0.14132,83.0149
7.89299,0.17134,82.9483
7.89299,0.20774,82.8566
7.89299,0.25186,82.7297
7.89299,0.30537,82.5562
7.89299,0.37023,82.3292
7.89299,0.44888,82.0778
7.89299,0.54423,81.9970
7.89299,0.65984,83.0651
7.89299,0.80000,90.7638
8.83972,0.00300,83.2233
8.83972,0.00364,83.2232
8.83972,0.00441,83.2230
8.83972,0.00535,83.2228
8.83972,0.00648,83.2225
8.83972,0.00786,83.2221
8.83972,0.00953,83.2216
8.83972,0.01155,83.2211
8.83972,0.01401,83.2203
8.83972,0.01698,83.2193
8.83972,0.02059,83.2181
8.83972,0.02496,83.2164
8.83972,0.03027,83.2141
8.83972,0.03670,83.2111
8.83972,0.04449,83.2070
8.83972,0.05394,83.2013
8.83972,0.06540,83.1934
8.83972,0.07929,83.1823
8.83972,0.09614,83.1665
8.83972,0.11656,83.1437
8.83972,0.14132,83.1108
8.83972,0.17134,83.0626
8.83972,0.20774,82.9921
8.83972,0.25186,82.8889
8.83972,0.30537,82.7403
8.83972,0.37023,82.5368
8.83972,0.44888,82.3007
8.83972,0.54423,82.2121
8.83972,0.65984,83.2133
8.83972,0.80000,90.6943
9.90000,0.00300,83.2249
9.90000,0.00364,83.2251
9.90000,0.00441,83.2253
9.90000,0.00535,83.2256
9.90000,0.00648,83.2259
9.90000,0.00786,83.2262
9.90000,0.00953,83.2266
9.90000,0.01155,83.2271
9.90000,0.01401,83.2276
9.90000,0.01698,83.2282
9.90000,0.02059,83.2288
9.90000,0.02496,83.2294
9.90000,0.03027,83.2300
9.90000,0.03670,83.2303
9.90000,0.04449,83.2303
9.90000,0.05394,83.2295
9.90000,0.06540,83.2276
9.90000,0.07929,83.2238
9.90000,0.09614,83.2167
9.90000,0.11656,83.2046
9.90000,0.14132,83.1845
9.90000,0.17134,83.1519
9.90000,0.20774,83.1000
9.90000,0.25186,83.0190
9.90000,0.30537,82.8966
9.90000,0.37023,82.7233
9.90000,0.44888,82.5208
9.90000,0.54423,82.4658
9.90000,0.65984,83.4916
9.90000,0.80000,90.9625
