-0.27,-0.27,-0.27,-0.27,-0.27,-0.27,-0.27,-0.27,-0.27,-0.27,-0.27,-0.27,-0.27,-0.27,-0.27,-0.27,-0.2,-0.12,-0.12,-0.05,-0.05,-0.05,0.1,0.18,0.18,0.25,0.25,0.33,0.25,0.25,0.33,0.33,0.33,0.33,0.33,0.33,0.4,0.4,0.4,0.48,0.48,0.48,0.48,0.48,0.4,0.48,0.48,0.48,0.48,0.48,0.48,0.55,0.55,0.55,0.63,0.63,0.63,0.7,0.7,0.7,0.93
-0.35,-0.27,-0.27,-0.27,-0.27,-0.27,-0.27,-0.35,-0.35,-0.35,-0.27,-0.27,-0.27,-0.27,-0.27,-0.27,-0.2,-0.12,-0.12,-0.05,-0.05,-0.05,0.1,0.18,0.18,0.25,0.33,0.33,0.33,0.33,0.33,0.33,0.33,0.4,0.4,0.4,0.4,0.48,0.55,0.55,0.55,0.55,0.55,0.55,0.48,0.55,0.55,0.55,0.55,0.55,0.55,0.63,0.63,0.63,0.63,0.7,0.7,0.7,0.78,0.93,0.7
-0.35,-0.35,-0.35,-0.35,-0.35,-0.35,-0.35,-0.35,-0.35,-0.35,-0.35,-0.35,-0.35,-0.35,-0.27,-0.27,-0.27,-0.2,-0.12,-0.05,-0.05,-0.05,0.1,0.18,0.18,0.25,0.33,0.33,0.33,0.33,0.33,0.33,0.33,0.4,0.4,0.4,0.48,0.55,0.55,0.55,0.55,0.55,0.55,0.55,0.55,0.55,0.55,0.55,0.55,0.63,0.63,0.63,0.63,0.63,0.7,0.7,0.7,0.78,0.93,0.85,0.7
-0.35,-0.35,-0.35,-0.35,-0.35,-0.35,-0.35,-0.42,-0.42,-0.42,-0.35,-0.35,-0.35,-0.35,-0.27,-0.27,-0.27,-0.2,-0.12,-0.05,-0.05,-0.05,0.1,0.18,0.25,0.25,0.33,0.33,0.33,0.33,0.33,0.4,0.4,0.4,0.48,0.48,0.55,0.55,0.55,0.55,0.63,0.63,0.63,0.63,0.55,0.63,0.63,0.63,0.63,0.63,0.63,0.63,0.7,0.7,0.7,0.7,0.78,0.93,0.85,0.78,0.7
-0.42,-0.35,-0.42,-0.42,-0.42,-0.42,-0.42,-0.42,-0.42,-0.42,-0.42,-0.42,-0.42,-0.35,-0.35,-0.27,-0.27,-0.2,-0.12,-0.05,-0.05,-0.05,0.1,0.18,0.25,0.33,0.33,0.33,0.4,0.4,0.4,0.4,0.4,0.48,0.55,0.55,0.55,0.63,0.63,0.63,0.63,0.63,0.63,0.63,0.63,0.63,0.63,0.63,0.63,0.63,0.7,0.7,0.7,0.78,0.78,0.78,0.93,0.85,0.78,0.7,0.7
-0.42,-0.35,-0.42,-0.42,-0.42,-0.42,-0.42,-0.42,-0.42,-0.42,-0.42,-0.42,-0.42,-0.42,-0.35,-0.27,-0.27,-0.27,-0.12,-0.05,-0.05,-0.05,0.1,0.18,0.25,0.33,0.33,0.33,0.4,0.4,0.4,0.48,0.48,0.55,0.55,0.55,0.63,0.63,0.63,0.63,0.63,0.63,0.63,0.63,0.63,0.63,0.63,0.63,0.63,0.7,0.7,0.7,0.7,0.78,0.85,0.93,0.85,0.78,0.7,0.7,0.63
-0.42,-0.42,-0.42,-0.42,-0.42,-0.42,-0.42,-0.42,-0.42,-0.42,-0.42,-0.42,-0.42,-0.42,-0.35,-0.27,-0.27,-0.27,-0.12,-0.05,-0.05,-0.05,0.1,0.18,0.25,0.33,0.33,0.4,0.4,0.4,0.4,0.48,0.55,0.55,0.55,0.63,0.63,0.63,0.63,0.63,0.63,0.63,0.63,0.63,0.63,0.63,0.63,0.7,0.7,0.7,0.7,0.78,0.78,0.78,0.85,0.93,0.85,0.7,0.7,0.63,0.63
-0.42,-0.42,-0.42,-0.42,-0.42,-0.42,-0.42,-0.42,-0.42,-0.42,-0.42,-0.42,-0.42,-0.42,-0.35,-0.27,-0.27,-0.2,-0.12,-0.05,-0.05,0.1,0.18,0.18,0.25,0.33,0.4,0.4,0.4,0.4,0.4,0.48,0.55,0.55,0.63,0.63,0.63,0.63,0.63,0.7,0.7,0.63,0.63,0.63,0.63,0.63,0.63,0.7,0.7,0.7,0.78,0.78,0.85,0.85,0.85,0.78,0.85,0.7,0.7,0.63,0.63
-0.42,-0.42,-0.42,-0.42,-0.42,-0.42,-0.42,-0.42,-0.42,-0.42,-0.42,-0.42,-0.42,-0.42,-0.35,-0.27,-0.27,-0.2,-0.12,-0.05,-0.05,0.1,0.18,0.18,0.33,0.33,0.4,0.4,0.4,0.4,0.48,0.55,0.55,0.63,0.63,0.63,0.63,0.63,0.63,0.7,0.7,0.63,0.63,0.63,0.63,0.63,0.7,0.7,0.7,0.7,0.78,0.78,0.85,0.93,0.78,0.78,0.78,0.7,0.63,0.63,0.63
-0.42,-0.35,-0.42,-0.42,-0.42,-0.42,-0.42,-0.42,-0.42,-0.42,-0.42,-0.42,-0.42,-0.42,-0.35,-0.27,-0.27,-0.2,-0.12,-0.05,-0.05,0.1,0.18,0.25,0.33,0.33,0.4,0.4,0.4,0.48,0.55,0.55,0.55,0.63,0.63,0.63,0.63,0.63,0.63,0.63,0.7,0.7,0.63,0.63,0.63,0.63,0.7,0.7,0.7,0.7,0.78,0.85,0.93,0.78,0.78,0.7,0.7,0.63,0.63,0.63,0.63
-0.42,-0.35,-0.42,-0.42,-0.42,-0.42,-0.42,-0.42,-0.42,-0.42,-0.42,-0.42,-0.42,-0.35,-0.35,-0.27,-0.27,-0.2,-0.12,-0.05,-0.05,0.1,0.18,0.25,0.33,0.33,0.4,0.4,0.48,0.55,0.55,0.55,0.55,0.63,0.63,0.63,0.63,0.63,0.63,0.7,0.7,0.7,0.7,0.63,0.63,0.63,0.7,0.7,0.7,0.78,0.85,0.93,0.78,0.78,0.78,0.7,0.7,0.63,0.63,0.63,0.55
-0.42,-0.35,-0.42,-0.35,-0.42,-0.42,-0.42,-0.42,-0.42,-0.42,-0.42,-0.42,-0.35,-0.35,-0.35,-0.27,-0.27,-0.2,-0.12,-0.05,-0.05,0.1,0.18,0.25,0.33,0.33,0.4,0.48,0.55,0.55,0.55,0.55,0.55,0.63,0.63,0.63,0.63,0.63,0.63,0.7,0.7,0.7,0.7,0.7,0.7,0.7,0.7,0.78,0.78,0.78,0.93,0.78,0.78,0.78,0.7,0.7,0.7,0.63,0.63,0.63,0.55
-0.42,-0.35,-0.42,-0.35,-0.35,-0.42,-0.42,-0.42,-0.42,-0.42,-0.42,-0.42,-0.35,-0.35,-0.27,-0.27,-0.27,-0.2,-0.12,-0.05,0.03,0.1,0.18,0.25,0.33,0.33,0.4,0.48,0.55,0.55,0.55,0.55,0.63,0.63,0.63,0.63,0.63,0.63,0.63,0.7,0.7,0.7,0.7,0.7,0.7,0.7,0.7,0.78,0.85,0.93,0.78,0.78,0.7,0.7,0.7,0.7,0.63,0.63,0.63,0.55,0.55
-0.42,-0.35,-0.35,-0.35,-0.35,-0.42,-0.42,-0.42,-0.42,-0.42,-0.42,-0.35,-0.35,-0.35,-0.27,-0.27,-0.2,-0.12,-0.12,-0.05,0.1,0.18,0.25,0.25,0.33,0.33,0.4,0.48,0.55,0.55,0.55,0.55,0.63,0.63,0.63,0.63,0.63,0.63,0.63,0.7,0.7,0.7,0.7,0.7,0.7,0.7,0.78,0.85,0.93,0.78,0.78,0.7,0.7,0.7,0.7,0.63,0.63,0.63,0.63,0.55,0.55
-0.42,-0.35,-0.35,-0.35,-0.35,-0.42,-0.35,-0.42,-0.42,-0.42,-0.35,-0.35,-0.35,-0.35,-0.27,-0.27,-0.2,-0.12,-0.05,-0.05,0.1,0.18,0.25,0.25,0.33,0.33,0.4,0.48,0.55,0.55,0.55,0.55,0.63,0.63,0.63,0.63,0.63,0.63,0.63,0.7,0.7,0.7,0.7,0.7,0.7,0.78,0.78,0.93,0.78,0.85,0.7,0.7,0.7,0.7,0.63,0.63,0.7,0.63,0.63,0.55,0.55
-0.35,-0.35,-0.35,-0.35,-0.35,-0.42,-0.35,-0.42,-0.42,-0.42,-0.35,-0.35,-0.35,-0.35,-0.27,-0.27,-0.2,-0.12,-0.05,-0.05,0.1,0.18,0.25,0.33,0.4,0.4,0.48,0.55,0.55,0.55,0.55,0.55,0.63,0.63,0.63,0.63,0.63,0.63,0.7,0.7,0.7,0.7,0.7,0.78,0.78,0.78,1,0.78,0.85,0.7,0.7,0.7,0.7,0.63,0.63,0.63,0.7,0.63,0.63,0.55,0.55
-0.35,-0.35,-0.35,-0.35,-0.35,-0.35,-0.35,-0.42,-0.42,-0.42,-0.35,-0.35,-0.35,-0.35,-0.27,-0.27,-0.2,-0.12,-0.05,-0.05,0.1,0.18,0.25,0.33,0.4,0.4,0.48,0.55,0.55,0.55,0.55,0.63,0.63,0.63,0.63,0.63,0.63,0.63,0.7,0.7,0.7,0.7,0.78,0.78,0.78,0.93,0.78,0.78,0.7,0.7,0.7,0.63,0.63,0.63,0.63,0.63,0.63,0.63,0.63,0.55,0.55
-0.35,-0.35,-0.35,-0.35,-0.35,-0.35,-0.35,-0.42,-0.42,-0.42,-0.35,-0.35,-0.35,-0.27,-0.27,-0.27,-0.2,-0.12,-0.05,-0.05,0.1,0.18,0.25,0.33,0.4,0.4,0.48,0.55,0.55,0.55,0.55,0.63,0.63,0.63,0.63,0.63,0.63,0.63,0.7,0.7,0.78,0.78,0.78,0.85,0.93,0.78,0.78,0.7,0.7,0.7,0.63,0.63,0.63,0.63,0.63,0.63,0.63,0.55,0.55,0.55,0.4
-0.42,-0.35,-0.35,-0.35,-0.35,-0.42,-0.42,-0.42,-0.42,-0.42,-0.35,-0.35,-0.35,-0.35,-0.27,-0.27,-0.2,-0.12,-0.05,0.1,0.18,0.18,0.33,0.33,0.4,0.4,0.55,0.55,0.63,0.63,0.63,0.63,0.63,0.63,0.63,0.63,0.7,0.7,0.7,0.7,0.78,0.78,0.85,0.93,0.78,0.78,0.78,0.7,0.7,0.7,0.63,0.63,0.63,0.63,0.63,0.63,0.7,0.63,0.63,0.55,0.55
-0.42,-0.35,-0.35,-0.35,-0.35,-0.42,-0.42,-0.42,-0.42,-0.42,-0.35,-0.35,-0.35,-0.27,-0.27,-0.2,-0.12,-0.12,-0.05,0.1,0.18,0.25,0.33,0.33,0.48,0.55,0.55,0.63,0.63,0.63,0.63,0.63,0.63,0.63,0.63,0.7,0.7,0.7,0.7,0.7,0.78,0.85,0.93,0.78,0.78,0.78,0.7,0.7,0.7,0.7,0.7,0.63,0.63,0.63,0.63,0.63,0.7,0.63,0.63,0.55,0.55
-0.42,-0.35,-0.35,-0.35,-0.35,-0.42,-0.42,-0.42,-0.42,-0.42,-0.35,-0.35,-0.35,-0.27,-0.27,-0.2,-0.12,-0.05,-0.05,0.1,0.18,0.25,0.33,0.33,0.48,0.55,0.55,0.63,0.63,0.63,0.63,0.63,0.63,0.63,0.7,0.7,0.7,0.7,0.78,0.78,0.85,0.93,0.78,0.78,0.78,0.7,0.7,0.7,0.7,0.7,0.7,0.7,0.63,0.63,0.63,0.63,0.7,0.63,0.63,0.55,0.55
-0.42,-0.35,-0.42,-0.35,-0.42,-0.42,-0.42,-0.42,-0.42,-0.42,-0.35,-0.35,-0.35,-0.27,-0.27,-0.2,-0.12,-0.05,-0.05,0.1,0.18,0.25,0.33,0.33,0.48,0.55,0.63,0.63,0.63,0.63,0.63,0.63,0.63,0.7,0.7,0.7,0.7,0.7,0.78,0.85,0.93,0.78,0.78,0.78,0.7,0.7,0.7,0.7,0.7,0.7,0.7,0.7,0.7,0.7,0.63,0.63,0.7,0.63,0.63,0.55,0.55
-0.42,-0.35,-0.35,-0.35,-0.35,-0.42,-0.42,-0.42,-0.42,-0.42,-0.35,-0.35,-0.35,-0.27,-0.27,-0.2,-0.12,-0.05,0.03,0.18,0.25,0.25,0.33,0.33,0.48,0.55,0.63,0.63,0.63,0.63,0.63,0.63,0.7,0.7,0.7,0.7,0.7,0.7,0.78,0.93,0.78,0.78,0.7,0.7,0.7,0.7,0.7,0.63,0.63,0.63,0.63,0.63,0.63,0.63,0.63,0.63,0.7,0.55,0.55,0.55,0.55
-0.42,-0.35,-0.35,-0.35,-0.35,-0.42,-0.35,-0.42,-0.35,-0.35,-0.35,-0.35,-0.27,-0.27,-0.2,-0.12,-0.12,-0.05,0.03,0.18,0.25,0.33,0.33,0.4,0.48,0.55,0.63,0.63,0.63,0.63,0.63,0.63,0.7,0.7,0.7,0.7,0.7,0.78,0.93,0.7,0.7,0.7,0.7,0.7,0.63,0.63,0.63,0.63,0.63,0.63,0.63,0.63,0.63,0.63,0.63,0.63,0.63,0.55,0.55,0.55,0.4
-0.42,-0.35,-0.35,-0.35,-0.35,-0.35,-0.35,-0.35,-0.35,-0.35,-0.35,-0.27,-0.27,-0.27,-0.2,-0.12,-0.05,0.03,0.1,0.18,0.25,0.33,0.33,0.48,0.55,0.63,0.63,0.63,0.63,0.63,0.63,0.7,0.7,0.7,0.7,0.7,0.78,0.93,0.7,0.7,0.7,0.7,0.7,0.7,0.63,0.63,0.63,0.63,0.63,0.63,0.63,0.63,0.63,0.63,0.63,0.63,0.63,0.55,0.55,0.55,0.4
-0.42,-0.35,-0.35,-0.35,-0.35,-0.35,-0.35,-0.35,-0.35,-0.35,-0.35,-0.27,-0.27,-0.27,-0.2,-0.12,-0.05,0.03,0.1,0.18,0.25,0.33,0.33,0.48,0.55,0.63,0.63,0.63,0.63,0.63,0.63,0.7,0.7,0.7,0.7,0.78,0.93,0.7,0.7,0.7,0.7,0.7,0.7,0.63,0.63,0.63,0.63,0.63,0.63,0.63,0.63,0.63,0.63,0.7,0.63,0.63,0.63,0.55,0.55,0.4,0.4
-0.35,-0.35,-0.35,-0.35,-0.35,-0.35,-0.35,-0.35,-0.35,-0.35,-0.27,-0.27,-0.27,-0.2,-0.12,-0.12,-0.05,0.03,0.18,0.25,0.33,0.33,0.4,0.48,0.55,0.63,0.63,0.63,0.63,0.63,0.7,0.7,0.7,0.7,0.85,0.93,0.7,0.7,0.7,0.7,0.7,0.7,0.63,0.63,0.63,0.63,0.63,0.63,0.63,0.63,0.63,0.63,0.63,0.63,0.63,0.63,0.55,0.48,0.4,0.4,0.33
-0.35,-0.35,-0.35,-0.35,-0.35,-0.35,-0.35,-0.35,-0.35,-0.27,-0.27,-0.27,-0.27,-0.2,-0.12,-0.05,-0.05,0.1,0.18,0.25,0.33,0.33,0.48,0.55,0.55,0.63,0.63,0.63,0.63,0.63,0.7,0.7,0.7,0.78,0.85,0.7,0.7,0.7,0.7,0.7,0.7,0.63,0.63,0.63,0.63,0.63,0.63,0.63,0.63,0.63,0.63,0.63,0.63,0.63,0.55,0.55,0.55,0.48,0.4,0.4,0.33
-0.35,-0.27,-0.35,-0.27,-0.27,-0.35,-0.35,-0.27,-0.27,-0.27,-0.27,-0.2,-0.12,-0.12,-0.05,-0.05,-0.05,0.1,0.25,0.33,0.33,0.33,0.48,0.55,0.63,0.63,0.63,0.63,0.63,0.7,0.7,0.7,0.78,0.85,0.7,0.7,0.7,0.7,0.7,0.7,0.63,0.63,0.63,0.63,0.63,0.63,0.63,0.63,0.63,0.63,0.63,0.63,0.63,0.63,0.55,0.55,0.55,0.4,0.4,0.33,0.33
-0.35,-0.27,-0.27,-0.27,-0.27,-0.27,-0.27,-0.27,-0.27,-0.27,-0.27,-0.2,-0.12,-0.12,-0.05,-0.05,0.1,0.18,0.25,0.33,0.4,0.48,0.55,0.55,0.63,0.63,0.63,0.63,0.7,0.7,0.7,0.85,0.93,0.7,0.7,0.7,0.7,0.7,0.63,0.63,0.63,0.63,0.63,0.63,0.63,0.63,0.63,0.63,0.63,0.63,0.55,0.55,0.55,0.55,0.55,0.55,0.4,0.4,0.33,0.33,0.33
-0.35,-0.27,-0.27,-0.27,-0.27,-0.27,-0.27,-0.27,-0.27,-0.27,-0.2,-0.12,-0.12,-0.05,-0.05,-0.05,0.1,0.18,0.25,0.33,0.4,0.48,0.55,0.55,0.63,0.63,0.63,0.63,0.7,0.7,0.78,0.85,0.7,0.7,0.7,0.7,0.63,0.63,0.63,0.63,0.63,0.63,0.63,0.63,0.63,0.63,0.55,0.55,0.55,0.55,0.55,0.55,0.55,0.55,0.4,0.4,0.4,0.4,0.33,0.33,0.33
-0.35,-0.27,-0.27,-0.27,-0.27,-0.27,-0.27,-0.27,-0.27,-0.2,-0.12,-0.12,-0.12,-0.05,-0.05,0.03,0.1,0.18,0.25,0.33,0.4,0.48,0.55,0.63,0.63,0.63,0.63,0.7,0.7,0.85,0.93,0.7,0.7,0.7,0.63,0.63,0.63,0.63,0.63,0.63,0.63,0.63,0.63,0.55,0.55,0.55,0.55,0.55,0.55,0.55,0.55,0.55,0.48,0.4,0.4,0.4,0.4,0.33,0.33,0.33,0.33
-0.35,-0.27,-0.27,-0.27,-0.27,-0.27,-0.27,-0.27,-0.27,-0.2,-0.12,-0.12,-0.12,-0.05,-0.05,0.1,0.18,0.25,0.33,0.4,0.4,0.48,0.55,0.63,0.63,0.63,0.7,0.7,0.78,0.85,0.7,0.7,0.7,0.63,0.63,0.63,0.63,0.63,0.63,0.63,0.63,0.63,0.63,0.55,0.55,0.55,0.55,0.55,0.55,0.55,0.55,0.55,0.4,0.4,0.4,0.4,0.4,0.33,0.33,0.33,0.33
-0.35,-0.27,-0.27,-0.27,-0.27,-0.27,-0.27,-0.27,-0.12,-0.12,-0.12,-0.12,-0.05,-0.05,0.1,0.18,0.18,0.25,0.33,0.4,0.48,0.55,0.63,0.63,0.63,0.63,0.7,0.78,0.93,0.7,0.7,0.63,0.63,0.63,0.63,0.63,0.63,0.63,0.63,0.63,0.63,0.63,0.63,0.55,0.55,0.55,0.55,0.55,0.55,0.55,0.55,0.4,0.4,0.4,0.4,0.4,0.4,0.33,0.33,0.33,0.33
-0.27,-0.27,-0.27,-0.27,-0.27,-0.27,-0.2,-0.2,-0.12,-0.12,-0.12,-0.05,-0.05,-0.05,0.1,0.18,0.25,0.33,0.33,0.48,0.48,0.55,0.63,0.63,0.63,0.7,0.85,0.85,0.78,0.7,0.7,0.63,0.63,0.63,0.63,0.63,0.63,0.63,0.63,0.63,0.63,0.63,0.63,0.55,0.55,0.55,0.55,0.4,0.4,0.4,0.4,0.4,0.4,0.4,0.4,0.33,0.33,0.33,0.33,0.33,0.33
-0.27,-0.27,-0.27,-0.27,-0.27,-0.12,-0.12,-0.12,-0.12,-0.05,-0.05,0.03,0.03,0.1,0.18,0.25,0.33,0.33,0.4,0.48,0.55,0.63,0.63,0.63,0.63,0.7,0.78,0.7,0.63,0.63,0.63,0.63,0.63,0.63,0.63,0.63,0.63,0.63,0.63,0.63,0.55,0.55,0.55,0.48,0.4,0.4,0.4,0.4,0.4,0.4,0.4,0.33,0.33,0.33,0.33,0.33,0.33,0.33,0.33,0.33,0.25
-0.27,-0.27,-0.27,-0.12,-0.12,-0.12,-0.12,-0.12,-0.05,-0.05,0.03,0.1,0.18,0.18,0.25,0.33,0.33,0.4,0.48,0.55,0.63,0.63,0.63,0.63,0.85,0.93,0.63,0.63,0.63,0.63,0.63,0.63,0.63,0.63,0.63,0.63,0.63,0.55,0.55,0.55,0.55,0.55,0.55,0.4,0.4,0.4,0.4,0.33,0.33,0.33,0.33,0.33,0.33,0.33,0.33,0.33,0.33,0.33,0.25,0.25,0.25
-0.2,-0.12,-0.12,-0.12,-0.12,-0.12,-0.05,-0.05,0.03,0.1,0.18,0.18,0.25,0.25,0.33,0.33,0.33,0.48,0.55,0.63,0.63,0.63,0.63,0.78,0.85,0.7,0.63,0.63,0.63,0.63,0.63,0.63,0.63,0.55,0.55,0.55,0.55,0.48,0.4,0.4,0.4,0.4,0.4,0.33,0.33,0.33,0.33,0.33,0.33,0.33,0.33,0.33,0.33,0.25,0.25,0.25,0.25,0.25,0.18,0.18,0.18
-0.12,-0.12,-0.12,-0.12,-0.05,-0.05,0.03,0.1,0.1,0.18,0.18,0.25,0.25,0.33,0.4,0.4,0.4,0.55,0.55,0.63,0.63,0.63,0.7,0.85,0.7,0.63,0.63,0.63,0.63,0.63,0.55,0.55,0.55,0.55,0.48,0.4,0.4,0.4,0.4,0.33,0.33,0.33,0.33,0.33,0.33,0.33,0.33,0.25,0.25,0.25,0.25,0.25,0.25,0.18,0.18,0.18,0.18,0.18,0.18,0.18,0.18
-0.12,-0.12,-0.12,-0.05,-0.05,0.03,0.1,0.1,0.18,0.25,0.25,0.33,0.33,0.33,0.4,0.48,0.48,0.55,0.63,0.63,0.63,0.7,0.85,0.7,0.63,0.63,0.63,0.63,0.55,0.55,0.55,0.55,0.48,0.4,0.4,0.4,0.33,0.33,0.33,0.33,0.33,0.33,0.33,0.33,0.25,0.25,0.25,0.25,0.25,0.18,0.18,0.18,0.18,0.18,0.1,0.1,0.1,0.1,0.1,0.1,0.1
-0.05,-0.05,-0.05,-0.05,-0.05,0.1,0.18,0.18,0.25,0.33,0.33,0.33,0.4,0.4,0.48,0.55,0.55,0.63,0.63,0.63,0.78,0.85,0.78,0.63,0.63,0.63,0.55,0.55,0.55,0.48,0.48,0.48,0.48,0.4,0.4,0.33,0.33,0.33,0.33,0.25,0.25,0.25,0.25,0.25,0.18,0.18,0.18,0.18,0.18,0.1,0.1,0.1,0.1,0.1,0.1,-0.05,-0.05,-0.05,-0.05,-0.05,-0.05
-0.05,-0.05,-0.05,0.03,0.03,0.18,0.25,0.25,0.33,0.33,0.33,0.4,0.4,0.48,0.55,0.55,0.63,0.63,0.63,0.7,0.85,0.85,0.63,0.63,0.63,0.63,0.55,0.55,0.48,0.4,0.4,0.4,0.4,0.33,0.33,0.33,0.33,0.33,0.25,0.25,0.25,0.25,0.25,0.18,0.18,0.18,0.18,0.18,0.18,0.03,0.03,0.03,0.03,0.03,-0.05,-0.05,-0.05,-0.05,-0.05,-0.05,-0.05
-0.05,0.03,0.1,0.1,0.18,0.25,0.33,0.33,0.4,0.48,0.48,0.48,0.55,0.55,0.63,0.63,0.63,0.63,0.7,0.85,0.7,0.63,0.63,0.63,0.55,0.55,0.48,0.4,0.33,0.33,0.33,0.33,0.33,0.33,0.25,0.25,0.18,0.18,0.18,0.18,0.1,0.1,0.1,0.1,-0.05,-0.05,-0.05,-0.05,-0.05,-0.05,-0.05,-0.05,-0.05,-0.05,-0.05,-0.05,-0.05,-0.05,-0.05,-0.05,-0.05
0.1,0.1,0.1,0.18,0.25,0.33,0.33,0.33,0.48,0.55,0.55,0.55,0.63,0.63,0.63,0.7,0.7,0.7,0.85,0.78,0.63,0.63,0.63,0.55,0.55,0.48,0.4,0.4,0.33,0.33,0.33,0.25,0.25,0.25,0.18,0.18,0.1,0.1,0.1,0.1,-0.05,-0.05,-0.05,-0.05,-0.05,-0.05,-0.05,-0.05,-0.05,-0.05,-0.12,-0.12,-0.12,-0.12,-0.12,-0.12,-0.12,-0.12,-0.12,-0.12,-0.12
0.18,0.25,0.25,0.25,0.33,0.4,0.48,0.48,0.55,0.55,0.63,0.63,0.63,0.7,0.7,0.7,0.78,0.85,0.78,0.63,0.63,0.63,0.55,0.48,0.4,0.4,0.33,0.33,0.25,0.25,0.18,0.18,0.18,0.1,0.1,-0.05,-0.05,-0.05,-0.05,-0.05,-0.05,-0.05,-0.12,-0.12,-0.12,-0.12,-0.12,-0.12,-0.12,-0.2,-0.2,-0.2,-0.2,-0.2,-0.27,-0.27,-0.27,-0.2,-0.2,-0.12,-0.12
0.25,0.25,0.25,0.33,0.33,0.4,0.55,0.55,0.63,0.63,0.63,0.7,0.7,0.7,0.7,0.78,0.85,0.78,0.7,0.63,0.63,0.55,0.55,0.48,0.33,0.33,0.33,0.25,0.25,0.18,0.1,0.1,0.1,0.03,-0.05,-0.05,-0.05,-0.05,-0.12,-0.12,-0.12,-0.12,-0.12,-0.12,-0.12,-0.12,-0.12,-0.12,-0.12,-0.27,-0.27,-0.27,-0.27,-0.27,-0.27,-0.27,-0.27,-0.27,-0.27,-0.12,-0.12
0.33,0.33,0.33,0.33,0.4,0.55,0.55,0.63,0.63,0.7,0.7,0.7,0.7,0.7,0.78,0.85,0.85,0.7,0.7,0.63,0.55,0.55,0.48,0.4,0.33,0.33,0.25,0.18,0.18,0.1,0.03,0.03,-0.05,-0.05,-0.05,-0.12,-0.12,-0.12,-0.12,-0.2,-0.2,-0.2,-0.2,-0.27,-0.27,-0.27,-0.27,-0.27,-0.27,-0.27,-0.27,-0.27,-0.27,-0.27,-0.27,-0.27,-0.27,-0.27,-0.27,-0.27,-0.27
0.33,0.33,0.33,0.4,0.4,0.55,0.63,0.63,0.63,0.7,0.7,0.7,0.7,0.7,0.85,0.78,0.7,0.7,0.63,0.63,0.55,0.48,0.4,0.4,0.33,0.33,0.18,0.18,0.1,0.03,0.03,-0.05,-0.05,-0.05,-0.12,-0.12,-0.12,-0.12,-0.2,-0.27,-0.27,-0.27,-0.27,-0.27,-0.27,-0.27,-0.27,-0.27,-0.27,-0.27,-0.35,-0.35,-0.35,-0.35,-0.35,-0.35,-0.35,-0.27,-0.27,-0.27,-0.27
0.33,0.33,0.4,0.4,0.48,0.63,0.63,0.63,0.7,0.7,0.7,0.7,0.7,0.85,0.85,0.7,0.7,0.7,0.63,0.55,0.55,0.48,0.4,0.33,0.25,0.25,0.1,0.03,-0.05,-0.05,-0.05,-0.05,-0.12,-0.12,-0.12,-0.12,-0.27,-0.27,-0.27,-0.27,-0.27,-0.27,-0.27,-0.27,-0.27,-0.27,-0.27,-0.27,-0.27,-0.27,-0.35,-0.35,-0.35,-0.35,-0.35,-0.35,-0.35,-0.27,-0.27,-0.35,-0.27
0.33,0.4,0.4,0.55,0.55,0.63,0.63,0.7,0.7,0.7,0.78,0.78,0.93,0.85,0.7,0.7,0.7,0.63,0.63,0.55,0.48,0.4,0.33,0.25,0.18,0.1,-0.05,-0.05,-0.05,-0.12,-0.12,-0.12,-0.12,-0.2,-0.27,-0.27,-0.27,-0.27,-0.27,-0.27,-0.27,-0.27,-0.35,-0.35,-0.35,-0.35,-0.35,-0.35,-0.35,-0.35,-0.35,-0.35,-0.42,-0.42,-0.42,-0.42,-0.35,-0.35,-0.35,-0.27,-0.27
0.4,0.4,0.48,0.55,0.55,0.63,0.7,0.7,0.7,0.78,0.78,0.93,0.85,0.78,0.7,0.7,0.7,0.63,0.63,0.55,0.48,0.4,0.33,0.25,0.18,0.18,-0.05,-0.05,-0.12,-0.12,-0.12,-0.12,-0.12,-0.2,-0.27,-0.27,-0.27,-0.27,-0.35,-0.35,-0.35,-0.35,-0.35,-0.35,-0.35,-0.35,-0.35,-0.35,-0.35,-0.35,-0.35,-0.42,-0.42,-0.42,-0.42,-0.42,-0.42,-0.35,-0.35,-0.27,-0.27
0.4,0.48,0.55,0.63,0.63,0.7,0.7,0.78,0.78,0.78,0.93,0.85,0.78,0.78,0.7,0.7,0.63,0.63,0.55,0.48,0.4,0.33,0.25,0.18,0.1,0.03,-0.05,-0.12,-0.12,-0.12,-0.12,-0.2,-0.27,-0.27,-0.27,-0.27,-0.35,-0.35,-0.35,-0.35,-0.35,-0.35,-0.35,-0.35,-0.35,-0.35,-0.35,-0.35,-0.35,-0.42,-0.42,-0.42,-0.42,-0.42,-0.42,-0.42,-0.42,-0.35,-0.35,-0.27,-0.27
0.55,0.55,0.63,0.63,0.63,0.7,0.78,0.78,0.78,0.93,0.85,0.78,0.78,0.7,0.7,0.7,0.63,0.63,0.55,0.48,0.4,0.33,0.25,0.18,0.1,0.03,-0.05,-0.12,-0.12,-0.12,-0.12,-0.27,-0.27,-0.27,-0.27,-0.35,-0.35,-0.35,-0.35,-0.35,-0.35,-0.35,-0.35,-0.35,-0.35,-0.35,-0.35,-0.35,-0.42,-0.42,-0.42,-0.42,-0.42,-0.42,-0.42,-0.42,-0.42,-0.35,-0.35,-0.27,-0.27
0.55,0.55,0.63,0.7,0.7,0.7,0.78,0.78,0.93,0.85,0.78,0.78,0.7,0.7,0.7,0.63,0.63,0.55,0.48,0.4,0.33,0.25,0.18,0.1,-0.05,-0.05,-0.12,-0.12,-0.2,-0.27,-0.27,-0.27,-0.27,-0.27,-0.35,-0.35,-0.35,-0.35,-0.42,-0.42,-0.42,-0.42,-0.42,-0.42,-0.42,-0.42,-0.42,-0.42,-0.42,-0.42,-0.42,-0.42,-0.42,-0.42,-0.42,-0.42,-0.42,-0.42,-0.35,-0.35,-0.27
0.63,0.63,0.63,0.63,0.7,0.78,0.78,0.85,0.85,0.78,0.78,0.78,0.7,0.7,0.63,0.63,0.63,0.55,0.4,0.33,0.33,0.25,0.18,0.1,-0.05,-0.12,-0.12,-0.2,-0.27,-0.27,-0.27,-0.27,-0.27,-0.35,-0.35,-0.35,-0.35,-0.42,-0.42,-0.42,-0.42,-0.42,-0.42,-0.42,-0.42,-0.42,-0.42,-0.42,-0.42,-0.42,-0.42,-0.42,-0.42,-0.42,-0.42,-0.42,-0.42,-0.42,-0.35,-0.35,-0.27
0.63,0.63,0.7,0.7,0.7,0.78,0.93,0.93,0.78,0.78,0.78,0.7,0.7,0.63,0.63,0.63,0.55,0.48,0.4,0.33,0.25,0.18,0.1,-0.05,-0.05,-0.12,-0.12,-0.2,-0.27,-0.27,-0.27,-0.27,-0.27,-0.35,-0.35,-0.35,-0.35,-0.35,-0.42,-0.42,-0.42,-0.42,-0.42,-0.42,-0.35,-0.35,-0.35,-0.42,-0.42,-0.42,-0.42,-0.42,-0.42,-0.42,-0.42,-0.42,-0.42,-0.35,-0.35,-0.27,-0.27
0.7,0.7,0.7,0.85,0.78,0.93,0.85,0.78,0.7,0.7,0.7,0.7,0.63,0.63,0.55,0.55,0.48,0.33,0.33,0.25,0.18,0.1,-0.05,-0.05,-0.12,-0.12,-0.2,-0.27,-0.27,-0.27,-0.27,-0.27,-0.35,-0.35,-0.35,-0.35,-0.35,-0.42,-0.42,-0.42,-0.42,-0.42,-0.42,-0.42,-0.35,-0.35,-0.42,-0.42,-0.42,-0.42,-0.42,-0.42,-0.42,-0.42,-0.42,-0.42,-0.42,-0.35,-0.35,-0.27,-0.27
0.78,0.78,0.78,0.78,0.93,0.78,0.7,0.7,0.7,0.7,0.63,0.63,0.63,0.55,0.48,0.4,0.4,0.33,0.25,0.18,0.1,-0.05,-0.05,-0.05,-0.12,-0.12,-0.27,-0.27,-0.27,-0.27,-0.27,-0.27,-0.27,-0.35,-0.35,-0.35,-0.35,-0.35,-0.35,-0.35,-0.42,-0.35,-0.35,-0.35,-0.35,-0.35,-0.35,-0.35,-0.35,-0.35,-0.42,-0.42,-0.42,-0.42,-0.42,-0.42,-0.42,-0.35,-0.35,-0.27,-0.27
0.85,0.78,0.78,0.93,0.85,0.78,0.7,0.7,0.63,0.63,0.63,0.55,0.55,0.48,0.4,0.33,0.33,0.25,0.18,0.1,0.03,-0.05,-0.05,-0.12,-0.12,-0.12,-0.27,-0.27,-0.27,-0.27,-0.27,-0.27,-0.27,-0.35,-0.35,-0.35,-0.35,-0.35,-0.35,-0.35,-0.35,-0.35,-0.35,-0.35,-0.35,-0.35,-0.35,-0.35,-0.35,-0.35,-0.35,-0.42,-0.42,-0.42,-0.42,-0.42,-0.42,-0.35,-0.35,-0.27,-0.27
0.85,0.78,0.93,0.78,0.78,0.7,0.7,0.7,0.63,0.63,0.55,0.55,0.4,0.4,0.33,0.33,0.33,0.25,0.18,0.1,-0.05,-0.05,-0.12,-0.12,-0.2,-0.27,-0.27,-0.27,-0.27,-0.27,-0.27,-0.27,-0.35,-0.35,-0.35,-0.35,-0.35,-0.35,-0.35,-0.35,-0.42,-0.35,-0.35,-0.35,-0.35,-0.35,-0.35,-0.35,-0.35,-0.42,-0.42,-0.42,-0.42,-0.42,-0.42,-0.42,-0.42,-0.35,-0.35,-0.27,-0.27
0.85,0.93,0.85,0.78,0.78,0.7,0.7,0.63,0.63,0.63,0.55,0.4,0.4,0.4,0.33,0.33,0.25,0.25,0.18,0.03,-0.05,-0.05,-0.12,-0.12,-0.2,-0.27,-0.27,-0.27,-0.27,-0.27,-0.27,-0.27,-0.27,-0.35,-0.35,-0.35,-0.35,-0.35,-0.35,-0.35,-0.35,-0.35,-0.35,-0.35,-0.35,-0.35,-0.35,-0.35,-0.35,-0.35,-0.35,-0.35,-0.42,-0.42,-0.42,-0.35,-0.35,-0.35,-0.35,-0.27,-0.27
